5998	1
689	2
220	3
5666	4
4307	5
12	6
5920	7
2683	8
2427	9
4631	10
9046	11
8192	12
8118	13
4772	14
200	15
1772	16
4721	17
4249	18
3835	19
5213	20
2060	21
7320	22
4035	23
5868	24
4819	25
7820	26
7035	27
5011	28
7988	29
7180	30
2784	31
8227	32
5350	33
3833	34
8376	35
4936	36
325	37
4303	38
29	39
3626	40
4013	41
3996	42
130	43
4974	44
8874	45
3988	46
2498	47
6508	48
3099	49
8206	50
4964	51
6744	52
551	53
6100	54
4661	55
6659	56
7836	57
3417	58
5983	59
460	60
1232	61
4327	62
754	63
409	64
5802	65
5696	66
4622	67
3068	68
3022	69
7148	70
9053	71
8578	72
237	73
720	74
3493	75
6404	76
201	77
727	78
5763	79
531	80
260	81
5319	82
646	83
6579	84
5368	85
1963	86
7254	87
1698	88
815	89
5126	90
4939	91
2230	92
1986	93
4250	94
1017	95
3295	96
8854	97
6492	98
1983	99
4246	100
543	101
1567	102
3889	103
1366	104
1652	105
6292	106
7615	107
8166	108
2752	109
2380	110
5299	111
1512	112
11	113
5899	114
7987	115
8740	116
7409	117
656	118
739	119
159	120
7920	121
6603	122
1083	123
1757	124
2641	125
1577	126
3591	127
2428	128
89	129
84	130
3015	131
3897	132
1437	133
6450	134
7043	135
907	136
591	137
8510	138
6499	139
4242	140
7243	141
2550	142
7223	143
106	144
427	145
7296	146
8316	147
3330	148
2739	149
7867	150
2316	151
4390	152
4893	153
8299	154
5603	155
6689	156
650	157
569	158
8402	159
286	160
2930	161
2719	162
6320	163
4675	164
5217	165
4215	166
781	167
711	168
596	169
728	170
6344	171
7076	172
5895	173
8005	174
8169	175
5525	176
1922	177
5163	178
1410	179
7004	180
719	181
5845	182
410	183
8910	184
7750	185
2981	186
6754	187
1755	188
4377	189
8536	190
488	191
6185	192
3854	193
344	194
7873	195
5488	196
8676	197
3901	198
3798	199
6937	200
3083	201
275	202
6216	203
6709	204
1435	205
6333	206
6526	207
7469	208
7244	209
974	210
1745	211
7064	212
2621	213
5498	214
2185	215
6628	216
5500	217
948	218
5375	219
6701	220
3372	221
8474	222
7250	223
6095	224
2869	225
4357	226
507	227
6	228
265	229
4053	230
3292	231
4795	232
4015	233
5941	234
7847	235
1597	236
2668	237
8159	238
431	239
132	240
4027	241
226	242
5209	243
4392	244
6170	245
388	246
2425	247
4764	248
325	249
7046	250
3370	251
7890	252
1421	253
1775	254
1000	255
4466	256
6767	257
4846	258
8808	259
5442	260
4134	261
239	262
7833	263
4244	264
2334	265
1110	266
7334	267
8906	268
7616	269
2728	270
3214	271
4225	272
6951	273
307	274
3658	275
1223	276
297	277
8967	278
7271	279
320	280
4910	281
3961	282
2708	283
6002	284
3064	285
4487	286
4527	287
7657	288
7620	289
5770	290
358	291
65	292
2855	293
5338	294
339	295
1076	296
6801	297
3657	298
2859	299
8771	300
5567	301
8505	302
5004	303
1671	304
2891	305
8656	306
4558	307
4624	308
7676	309
7450	310
3597	311
2263	312
2387	313
661	314
23	315
4497	316
8277	317
5715	318
7997	319
1571	320
1339	321
5694	322
7609	323
3380	324
8189	325
1195	326
4705	327
5896	328
4672	329
4870	330
6963	331
4786	332
5974	333
777	334
803	335
3500	336
26	337
247	338
2503	339
7595	340
3071	341
4201	342
1644	343
637	344
2796	345
8446	346
2006	347
8375	348
4436	349
7294	350
846	351
188	352
1802	353
8685	354
2635	355
3755	356
8177	357
1253	358
4402	359
7520	360
414	361
7978	362
2344	363
5330	364
5818	365
4790	366
8312	367
8952	368
508	369
1793	370
209	371
8501	372
454	373
1120	374
161	375
3301	376
828	377
2830	378
5372	379
6792	380
4894	381
2489	382
8444	383
4674	384
7319	385
8763	386
4091	387
1391	388
6854	389
6876	390
8867	391
4755	392
4138	393
410	394
8592	395
7247	396
2345	397
4434	398
4769	399
2024	400
6925	401
1960	402
944	403
7783	404
6534	405
3913	406
4298	407
2571	408
492	409
7830	410
5971	411
4422	412
393	413
6967	414
2228	415
4262	416
1611	417
5208	418
2917	419
1004	420
959	421
8644	422
7942	423
98	424
7119	425
389	426
5067	427
2030	428
4048	429
1327	430
6163	431
463	432
6346	433
6860	434
5876	435
3955	436
2214	437
8989	438
5050	439
1734	440
166	441
152	442
6375	443
642	444
1483	445
7548	446
686	447
5413	448
4488	449
7390	450
8107	451
6222	452
8542	453
6542	454
6065	455
3885	456
1957	457
5695	458
6934	459
4444	460
7140	461
8223	462
2347	463
5160	464
8638	465
428	466
5750	467
2901	468
1664	469
3365	470
6432	471
7234	472
1009	473
7283	474
4160	475
3712	476
1126	477
1061	478
2215	479
2985	480
7807	481
7852	482
822	483
902	484
5839	485
6756	486
2355	487
6691	488
2731	489
3373	490
7681	491
6037	492
64	493
4995	494
1704	495
533	496
1954	497
5847	498
1487	499
1065	500
5769	501
7532	502
4	503
574	504
3960	505
333	506
7107	507
8663	508
7417	509
8828	510
4827	511
6433	512
780	513
888	514
431	515
5665	516
7814	517
7656	518
4194	519
5219	520
5771	521
5623	522
453	523
2817	524
519	525
3082	526
1248	527
874	528
100	529
566	530
7850	531
28	532
3495	533
6142	534
1106	535
3741	536
6387	537
299	538
6478	539
4730	540
8812	541
91	542
8633	543
3739	544
7252	545
796	546
4172	547
6879	548
5925	549
6365	550
6604	551
3731	552
297	553
5879	554
8239	555
6046	556
7821	557
7535	558
6602	559
4401	560
6287	561
3655	562
4346	563
5953	564
5272	565
4157	566
6763	567
4895	568
1812	569
1782	570
2113	571
5253	572
4896	573
2028	574
7171	575
7903	576
8237	577
4362	578
212	579
1703	580
101	581
3692	582
4095	583
1255	584
4857	585
2803	586
6764	587
8621	588
3447	589
6382	590
1914	591
4070	592
1471	593
2542	594
816	595
8179	596
2629	597
8403	598
5785	599
4991	600
8482	601
2955	602
4986	603
2536	604
6970	605
8280	606
1546	607
1094	608
2357	609
4594	610
8969	611
289	612
4756	613
761	614
7878	615
1382	616
5659	617
9054	618
6022	619
5064	620
536	621
8836	622
2350	623
3287	624
28	625
3727	626
4744	627
8628	628
2673	629
8572	630
6978	631
62	632
4603	633
7986	634
3427	635
3925	636
1863	637
6460	638
7564	639
3543	640
2065	641
8409	642
8539	643
5349	644
3983	645
7343	646
3919	647
2287	648
5795	649
2592	650
7231	651
6454	652
869	653
8498	654
698	655
4518	656
5741	657
668	658
7139	659
2526	660
6143	661
7433	662
7477	663
1880	664
7461	665
6014	666
7153	667
818	668
363	669
6004	670
6054	671
8815	672
513	673
554	674
633	675
1311	676
6377	677
5889	678
5521	679
1604	680
6606	681
1335	682
3221	683
6562	684
4969	685
2982	686
2899	687
3962	688
3213	689
7049	690
1288	691
1203	692
8023	693
477	694
2403	695
4131	696
6171	697
7509	698
3069	699
8658	700
7794	701
5894	702
4461	703
5590	704
1903	705
3993	706
3026	707
151	708
1843	709
9045	710
4798	711
7734	712
2	713
8384	714
7518	715
1779	716
2500	717
6714	718
8270	719
7325	720
4715	721
7226	722
4311	723
6512	724
6938	725
6926	726
5249	727
2951	728
6113	729
6419	730
6244	731
8919	732
5274	733
1906	734
1724	735
5592	736
695	737
9042	738
2615	739
5336	740
1564	741
4336	742
3432	743
458	744
8004	745
8126	746
849	747
3725	748
347	749
347	750
7	751
5594	752
2021	753
5530	754
3765	755
447	756
5589	757
8816	758
610	759
6660	760
6836	761
5777	762
8715	763
5547	764
2342	765
1692	766
4767	767
1852	768
795	769
3617	770
4285	771
7507	772
7199	773
8373	774
253	775
6748	776
8157	777
409	778
5557	779
8622	780
2454	781
5316	782
45	783
8476	784
1149	785
5611	786
1919	787
266	788
4725	789
4856	790
1514	791
4235	792
3178	793
7682	794
8084	795
6278	796
4647	797
16	798
8311	799
18	800
7786	801
826	802
7207	803
3179	804
1978	805
4678	806
8687	807
8047	808
384	809
333	810
2064	811
3117	812
243	813
2779	814
7281	815
7192	816
8041	817
6850	818
2864	819
851	820
4339	821
6248	822
8036	823
7822	824
231	825
2191	826
6582	827
710	828
6900	829
59	830
4676	831
5671	832
708	833
7883	834
2237	835
1661	836
7111	837
5560	838
1822	839
1585	840
5176	841
1029	842
7239	843
8341	844
8737	845
412	846
5035	847
5870	848
3019	849
3313	850
3339	851
6842	852
6617	853
3466	854
3678	855
4639	856
4218	857
303	858
6973	859
7219	860
7844	861
3494	862
1384	863
125	864
8713	865
7572	866
5505	867
7419	868
1457	869
9067	870
7963	871
5761	872
7017	873
1723	874
6456	875
180	876
3877	877
8852	878
6490	879
3123	880
235	881
6063	882
5430	883
3667	884
951	885
4808	886
1541	887
5137	888
1112	889
5021	890
4711	891
7705	892
1104	893
4485	894
6357	895
5626	896
6728	897
7882	898
2289	899
3809	900
8421	901
2303	902
4523	903
1491	904
8605	905
4464	906
8686	907
2535	908
7565	909
8981	910
2713	911
2169	912
6578	913
8073	914
7176	915
1747	916
4214	917
1705	918
5189	919
7098	920
2029	921
62	922
2159	923
7906	924
5229	925
1799	926
7323	927
4984	928
5276	929
3281	930
3297	931
6472	932
6295	933
61	934
8391	935
7034	936
3662	937
1629	938
6305	939
3501	940
785	941
3863	942
1968	943
4955	944
7914	945
8927	946
3805	947
7265	948
1717	949
5230	950
3689	951
2801	952
3091	953
3354	954
5808	955
4474	956
5972	957
578	958
1256	959
4126	960
97	961
7380	962
609	963
7740	964
3240	965
429	966
495	967
620	968
561	969
8450	970
7695	971
232	972
70	973
7	974
4849	975
3630	976
691	977
8209	978
5226	979
399	980
8968	981
30	982
581	983
3074	984
1209	985
301	986
7517	987
3185	988
356	989
2009	990
8974	991
5002	992
8354	993
7275	994
920	995
4118	996
85	997
4737	998
2514	999
5443	1000
8871	1001
6736	1002
677	1003
2549	1004
700	1005
571	1006
4615	1007
7793	1008
205	1009
371	1010
2025	1011
119	1012
4582	1013
126	1014
8999	1015
4860	1016
3761	1017
2695	1018
6	1019
3699	1020
90	1021
7104	1022
5810	1023
217	1024
514	1025
429	1026
8945	1027
570	1028
3050	1029
5687	1030
4722	1031
6809	1032
3906	1033
7713	1034
1328	1035
4287	1036
2247	1037
7394	1038
8583	1039
8001	1040
9020	1041
3934	1042
4279	1043
176	1044
7061	1045
4055	1046
2670	1047
7743	1048
4509	1049
7525	1050
8435	1051
1950	1052
8095	1053
2999	1054
1844	1055
3593	1056
6316	1057
147	1058
8140	1059
7924	1060
2175	1061
3744	1062
48	1063
2696	1064
6670	1065
7773	1066
8078	1067
3086	1068
3485	1069
248	1070
1778	1071
7966	1072
3827	1073
130	1074
36	1075
451	1076
7402	1077
7977	1078
955	1079
1636	1080
5399	1081
7142	1082
473	1083
421	1084
7955	1085
1711	1086
1975	1087
29	1088
7067	1089
1787	1090
2808	1091
7629	1092
7877	1093
7414	1094
1235	1095
4018	1096
145	1097
6178	1098
6250	1099
3386	1100
1748	1101
8447	1102
3	1103
6667	1104
7047	1105
338	1106
4292	1107
1051	1108
6662	1109
118	1110
2351	1111
1683	1112
8918	1113
8864	1114
8946	1115
3567	1116
8325	1117
4146	1118
2238	1119
8010	1120
3952	1121
134	1122
3478	1123
1798	1124
1084	1125
13	1126
7529	1127
3653	1128
6942	1129
3435	1130
6847	1131
1533	1132
162	1133
5900	1134
1219	1135
6650	1136
8495	1137
7048	1138
1886	1139
2640	1140
6465	1141
4566	1142
6434	1143
5	1144
2879	1145
7306	1146
2800	1147
714	1148
2323	1149
8178	1150
3722	1151
2359	1152
5172	1153
1508	1154
369	1155
8857	1156
113	1157
4308	1158
3703	1159
5170	1160
1657	1161
2002	1162
3486	1163
443	1164
6342	1165
2703	1166
8196	1167
3745	1168
8049	1169
8963	1170
48	1171
4386	1172
289	1173
2143	1174
5178	1175
221	1176
6474	1177
8616	1178
544	1179
5207	1180
5486	1181
6933	1182
8188	1183
7570	1184
1026	1185
1811	1186
634	1187
667	1188
884	1189
6862	1190
4813	1191
7811	1192
1047	1193
5898	1194
385	1195
700	1196
255	1197
1601	1198
9047	1199
1446	1200
343	1201
831	1202
528	1203
540	1204
7693	1205
2524	1206
3832	1207
7129	1208
471	1209
6596	1210
359	1211
817	1212
3088	1213
93	1214
6192	1215
2259	1216
1630	1217
1591	1218
8971	1219
7970	1220
5765	1221
210	1222
6909	1223
388	1224
8559	1225
5337	1226
3047	1227
158	1228
5449	1229
8088	1230
5622	1231
6034	1232
1225	1233
8752	1234
5947	1235
7163	1236
3025	1237
432	1238
18	1239
2165	1240
8620	1241
101	1242
8359	1243
5934	1244
3585	1245
2911	1246
1164	1247
3579	1248
3792	1249
7916	1250
4405	1251
4202	1252
8788	1253
8693	1254
3866	1255
5470	1256
3641	1257
94	1258
6946	1259
3859	1260
4883	1261
4442	1262
4318	1263
47	1264
8731	1265
6872	1266
7862	1267
1122	1268
5991	1269
744	1270
4112	1271
392	1272
1341	1273
8061	1274
30	1275
5639	1276
8896	1277
6936	1278
5224	1279
114	1280
188	1281
3616	1282
2678	1283
5960	1284
340	1285
8520	1286
6102	1287
1052	1288
6806	1289
6135	1290
6989	1291
7958	1292
1819	1293
5832	1294
837	1295
7462	1296
5814	1297
1527	1298
1731	1299
8488	1300
1624	1301
7332	1302
565	1303
306	1304
1848	1305
726	1306
5358	1307
37	1308
630	1309
424	1310
3695	1311
6537	1312
6859	1313
5702	1314
8761	1315
4727	1316
3474	1317
4323	1318
3291	1319
2854	1320
2993	1321
2363	1322
614	1323
394	1324
199	1325
9065	1326
8982	1327
11	1328
4238	1329
3908	1330
7351	1331
8245	1332
6549	1333
6833	1334
617	1335
532	1336
8677	1337
4111	1338
4575	1339
2712	1340
318	1341
2974	1342
1135	1343
1314	1344
2758	1345
648	1346
6075	1347
5327	1348
2625	1349
1361	1350
284	1351
315	1352
8300	1353
2896	1354
4843	1355
3196	1356
2490	1357
8993	1358
6621	1359
3661	1360
3168	1361
7780	1362
9056	1363
2385	1364
1336	1365
4486	1366
5186	1367
5307	1368
1955	1369
1792	1370
279	1371
1423	1372
6983	1373
4779	1374
3423	1375
2880	1376
2789	1377
23	1378
2580	1379
985	1380
5131	1381
8065	1382
5362	1383
3526	1384
3891	1385
7774	1386
198	1387
8818	1388
7205	1389
6861	1390
8152	1391
6799	1392
4987	1393
6519	1394
1939	1395
433	1396
1453	1397
7627	1398
4462	1399
4557	1400
6114	1401
1645	1402
418	1403
1912	1404
2926	1405
8429	1406
1249	1407
1403	1408
4331	1409
898	1410
5759	1411
3632	1412
245	1413
3203	1414
6339	1415
7094	1416
2921	1417
2151	1418
6540	1419
789	1420
4777	1421
7052	1422
5258	1423
3319	1424
7166	1425
1124	1426
6421	1427
9044	1428
1357	1429
2058	1430
281	1431
6856	1432
4083	1433
2294	1434
8608	1435
3711	1436
1032	1437
7583	1438
5252	1439
5216	1440
3815	1441
13	1442
264	1443
197	1444
813	1445
2883	1446
3399	1447
7597	1448
220	1449
8437	1450
6399	1451
1751	1452
8324	1453
676	1454
3965	1455
2135	1456
1565	1457
5175	1458
6205	1459
4039	1460
7336	1461
4049	1462
6553	1463
2389	1464
5725	1465
6887	1466
3562	1467
6393	1468
1506	1469
5775	1470
6138	1471
3248	1472
6870	1473
4933	1474
4569	1475
6649	1476
1330	1477
2099	1478
4512	1479
5317	1480
1079	1481
4562	1482
1721	1483
3236	1484
5851	1485
6312	1486
8900	1487
1046	1488
562	1489
8882	1490
7717	1491
8729	1492
6807	1493
7097	1494
1289	1495
262	1496
8648	1497
1270	1498
3223	1499
5417	1500
6335	1501
7522	1502
1070	1503
8897	1504
1649	1505
5006	1506
1303	1507
3861	1508
1984	1509
6772	1510
2148	1511
3842	1512
1069	1513
2642	1514
3639	1515
110	1516
1552	1517
110	1518
106	1519
8842	1520
1434	1521
4430	1522
3125	1523
3079	1524
4421	1525
4458	1526
6679	1527
5800	1528
3245	1529
6261	1530
2849	1531
74	1532
5311	1533
4101	1534
2352	1535
2564	1536
3067	1537
4833	1538
6137	1539
919	1540
407	1541
6139	1542
3721	1543
4519	1544
435	1545
5237	1546
8203	1547
3470	1548
2877	1549
2367	1550
1854	1551
5575	1552
3296	1553
2927	1554
8190	1555
4515	1556
6672	1557
393	1558
5945	1559
8405	1560
3791	1561
1160	1562
5283	1563
6158	1564
1478	1565
219	1566
3393	1567
8416	1568
7650	1569
762	1570
8284	1571
7106	1572
172	1573
2042	1574
7607	1575
7030	1576
8898	1577
2448	1578
4108	1579
3242	1580
5911	1581
4427	1582
4453	1583
4005	1584
2994	1585
5827	1586
961	1587
2729	1588
6237	1589
7070	1590
2715	1591
3436	1592
7632	1593
5959	1594
5663	1595
1839	1596
4191	1597
4494	1598
5591	1599
3812	1600
2381	1601
2540	1602
3288	1603
5825	1604
3189	1605
146	1606
8097	1607
4627	1608
3238	1609
3521	1610
721	1611
118	1612
6349	1613
2392	1614
3769	1615
2123	1616
2653	1617
2034	1618
2761	1619
8985	1620
7093	1621
5613	1622
4370	1623
5508	1624
7324	1625
8911	1626
7124	1627
8688	1628
2562	1629
7868	1630
6686	1631
1593	1632
7308	1633
420	1634
3349	1635
5570	1636
156	1637
1098	1638
3694	1639
573	1640
4665	1641
3520	1642
6101	1643
8543	1644
7152	1645
3316	1646
7091	1647
4917	1648
3637	1649
6609	1650
2069	1651
932	1652
5811	1653
8807	1654
2189	1655
2063	1656
110	1657
7112	1658
5309	1659
7451	1660
5410	1661
4943	1662
523	1663
3177	1664
3148	1665
697	1666
2520	1667
563	1668
2963	1669
467	1670
3382	1671
929	1672
918	1673
2257	1674
2070	1675
4702	1676
3914	1677
3195	1678
2827	1679
2486	1680
8035	1681
7910	1682
8161	1683
8368	1684
968	1685
293	1686
4367	1687
6712	1688
553	1689
8931	1690
8683	1691
8195	1692
8056	1693
6559	1694
3710	1695
141	1696
5647	1697
4688	1698
4546	1699
5370	1700
2397	1701
4568	1702
5140	1703
4951	1704
3768	1705
1392	1706
3048	1707
7983	1708
7134	1709
2318	1710
4938	1711
2692	1712
2432	1713
555	1714
6214	1715
4498	1716
6532	1717
178	1718
6284	1719
5210	1720
3505	1721
1665	1722
101	1723
2089	1724
7286	1725
8915	1726
699	1727
1250	1728
7642	1729
7875	1730
1503	1731
8282	1732
2285	1733
2258	1734
6940	1735
6328	1736
1587	1737
8372	1738
6190	1739
4693	1740
6068	1741
2690	1742
199	1743
5437	1744
1150	1745
171	1746
2826	1747
946	1748
5970	1749
8055	1750
5406	1751
3358	1752
176	1753
1666	1754
537	1755
6028	1756
4511	1757
3311	1758
7059	1759
1738	1760
820	1761
2567	1762
7571	1763
853	1764
2594	1765
3161	1766
7184	1767
9021	1768
1530	1769
278	1770
6814	1771
756	1772
3726	1773
309	1774
4708	1775
7855	1776
8452	1777
5610	1778
8064	1779
6995	1780
2445	1781
8243	1782
7991	1783
8507	1784
3855	1785
721	1786
7333	1787
5937	1788
2590	1789
954	1790
3059	1791
7274	1792
2995	1793
24	1794
858	1795
1985	1796
2471	1797
5076	1798
681	1799
90	1800
3762	1801
5738	1802
371	1803
1155	1804
750	1805
6466	1806
5676	1807
6769	1808
3390	1809
2940	1810
6302	1811
5792	1812
6552	1813
4428	1814
7479	1815
8012	1816
268	1817
7838	1818
2522	1819
4526	1820
3234	1821
1429	1822
966	1823
7887	1824
82	1825
129	1826
8039	1827
2452	1828
5621	1829
4841	1830
6345	1831
8789	1832
7496	1833
6751	1834
2371	1835
975	1836
5434	1837
505	1838
3950	1839
2923	1840
3794	1841
7411	1842
2095	1843
8301	1844
8805	1845
8651	1846
5461	1847
7714	1848
4252	1849
5564	1850
5669	1851
703	1852
3766	1853
3763	1854
3841	1855
765	1856
8090	1857
3790	1858
2769	1859
8050	1860
7058	1861
570	1862
4679	1863
1294	1864
7122	1865
1500	1866
3453	1867
4999	1868
7232	1869
1977	1870
2856	1871
1371	1872
7697	1873
7790	1874
6742	1875
4525	1876
7962	1877
2759	1878
1771	1879
5223	1880
8043	1881
8271	1882
6771	1883
8526	1884
7771	1885
2716	1886
7481	1887
272	1888
5867	1889
119	1890
3774	1891
871	1892
8191	1893
7161	1894
1431	1895
8165	1896
7996	1897
8258	1898
3017	1899
5168	1900
3224	1901
1007	1902
447	1903
3594	1904
752	1905
5058	1906
2511	1907
4669	1908
7559	1909
4437	1910
4264	1911
3472	1912
5717	1913
2047	1914
3545	1915
701	1916
6230	1917
9018	1918
1188	1919
6369	1920
2221	1921
3822	1922
6694	1923
3147	1924
4760	1925
8404	1926
6626	1927
6011	1928
1058	1929
362	1930
7791	1931
3720	1932
1718	1933
6439	1934
3896	1935
3037	1936
310	1937
8076	1938
5688	1939
4937	1940
4989	1941
1081	1942
7858	1943
4304	1944
6218	1945
4345	1946
4105	1947
625	1948
770	1949
5914	1950
593	1951
4334	1952
3187	1953
6103	1954
457	1955
5701	1956
8288	1957
33	1958
2996	1959
2836	1960
2302	1961
4501	1962
5848	1963
1699	1964
8015	1965
7197	1966
2878	1967
6476	1968
6481	1969
8597	1970
2912	1971
6916	1972
30	1973
3701	1974
2563	1975
2456	1976
3748	1977
4806	1978
8884	1979
5329	1980
7853	1981
6536	1982
6099	1983
1809	1984
7508	1985
6890	1986
3666	1987
185	1988
3190	1989
8822	1990
7246	1991
1415	1992
3475	1993
5690	1994
564	1995
2378	1996
6796	1997
5819	1998
3149	1999
4484	2000
1737	2001
3400	2002
1215	2003
6830	2004
1044	2005
4432	2006
416	2007
4734	2008
1066	2009
1715	2010
8529	2011
7530	2012
1566	2013
345	2014
3799	2015
6530	2016
4992	2017
3970	2018
2579	2019
1159	2020
8926	2021
5416	2022
3503	2023
2124	2024
657	2025
2092	2026
1736	2027
1888	2028
1050	2029
7568	2030
1412	2031
3690	2032
7221	2033
524	2034
3332	2035
8582	2036
407	2037
7105	2038
5585	2039
8290	2040
7639	2041
3241	2042
1581	2043
1285	2044
1889	2045
382	2046
3398	2047
6710	2048
3198	2049
8322	2050
6548	2051
493	2052
7804	2053
5187	2054
415	2055
1324	2056
7101	2057
8135	2058
3244	2059
4593	2060
5938	2061
5404	2062
7720	2063
8183	2064
2727	2065
2081	2066
6232	2067
8781	2068
753	2069
3053	2070
1096	2071
8492	2072
7344	2073
6647	2074
5419	2075
3363	2076
8175	2077
1355	2078
2469	2079
1701	2080
6418	2081
6706	2082
3277	2083
217	2084
1796	2085
5308	2086
3847	2087
7832	2088
8342	2089
592	2090
8302	2091
7084	2092
8129	2093
5902	2094
8887	2095
6600	2096
3640	2097
3940	2098
2665	2099
5924	2100
9	2101
8665	2102
6263	2103
1465	2104
5439	2105
7044	2106
2643	2107
8912	2108
5643	2109
3166	2110
3910	2111
701	2112
845	2113
3451	2114
2634	2115
1153	2116
1152	2117
2322	2118
1981	2119
5386	2120
3159	2121
8512	2122
4299	2123
3903	2124
5886	2125
7828	2126
1375	2127
6950	2128
1507	2129
6461	2130
6187	2131
8825	2132
641	2133
3714	2134
6627	2135
518	2136
58	2137
494	2138
4472	2139
4940	2140
8121	2141
3271	2142
7699	2143
6727	2144
539	2145
389	2146
8194	2147
2806	2148
414	2149
7641	2150
882	2151
8790	2152
4792	2153
7476	2154
4778	2155
4889	2156
6599	2157
4145	2158
1820	2159
2146	2160
2965	2161
7985	2162
5266	2163
331	2164
4671	2165
3780	2166
4732	2167
5650	2168
181	2169
1175	2170
6077	2171
7423	2172
4092	2173
4012	2174
3108	2175
6304	2176
2251	2177
2262	2178
6384	2179
5558	2180
465	2181
7376	2182
2192	2183
8590	2184
1470	2185
235	2186
726	2187
2106	2188
2362	2189
1325	2190
7189	2191
6702	2192
724	2193
2915	2194
8371	2195
807	2196
5864	2197
4855	2198
2518	2199
6699	2200
8647	2201
4985	2202
3206	2203
3730	2204
408	2205
1999	2206
3510	2207
5339	2208
7538	2209
7452	2210
295	2211
4295	2212
3902	2213
690	2214
3801	2215
2062	2216
4783	2217
3286	2218
3180	2219
8096	2220
7907	2221
2867	2222
3307	2223
5397	2224
7944	2225
1078	2226
3775	2227
32	2228
4740	2229
7000	2230
8358	2231
667	2232
6401	2233
2837	2234
3507	2235
7569	2236
7042	2237
3867	2238
360	2239
6863	2240
4022	2241
1400	2242
6800	2243
4383	2244
3958	2245
2519	2246
8400	2247
5527	2248
2734	2249
6116	2250
7633	2251
6196	2252
5541	2253
3648	2254
4079	2255
1626	2256
5877	2257
8714	2258
2107	2259
5263	2260
5964	2261
3664	2262
5926	2263
4909	2264
6912	2265
1022	2266
4024	2267
8343	2268
2084	2269
1342	2270
5484	2271
227	2272
3894	2273
6297	2274
6221	2275
6436	2276
1049	2277
413	2278
1222	2279
2190	2280
3654	2281
7015	2282
8497	2283
1467	2284
7981	2285
5577	2286
4923	2287
6941	2288
6191	2289
4513	2290
2798	2291
8509	2292
1359	2293
6110	2294
1176	2295
6588	2296
3322	2297
8134	2298
8827	2299
2203	2300
5837	2301
9000	2302
6899	2303
2888	2304
3394	2305
2661	2306
2561	2307
7242	2308
8549	2309
2770	2310
5460	2311
6082	2312
4616	2313
2370	2314
2755	2315
4751	2316
5331	2317
7460	2318
5469	2319
8956	2320
3814	2321
5123	2322
6087	2323
5966	2324
8029	2325
1876	2326
7951	2327
3208	2328
8337	2329
8101	2330
1062	2331
8425	2332
281	2333
4400	2334
8671	2335
2581	2336
7387	2337
4014	2338
236	2339
3753	2340
3849	2341
8885	2342
283	2343
3659	2344
6930	2345
7651	2346
984	2347
396	2348
4876	2349
3796	2350
2136	2351
8848	2352
652	2353
422	2354
5882	2355
319	2356
6523	2357
7879	2358
482	2359
7938	2360
7892	2361
11	2362
6931	2363
5424	2364
1610	2365
3939	2366
3826	2367
8773	2368
1237	2369
3452	2370
960	2371
1368	2372
7175	2373
7956	2374
503	2375
1134	2376
7835	2377
1023	2378
1130	2379
1773	2380
2140	2381
159	2382
148	2383
7445	2384
5289	2385
7487	2386
734	2387
3352	2388
5415	2389
3331	2390
8366	2391
4209	2392
1211	2393
4230	2394
5700	2395
607	2396
6157	2397
1813	2398
2848	2399
872	2400
2155	2401
2207	2402
1943	2403
2138	2404
5697	2405
5462	2406
6607	2407
1174	2408
8338	2409
8230	2410
4908	2411
1293	2412
8410	2413
1554	2414
4608	2415
8079	2416
5394	2417
381	2418
2950	2419
3797	2420
7491	2421
6917	2422
6140	2423
3016	2424
4371	2425
1931	2426
6506	2427
3517	2428
5538	2429
3275	2430
935	2431
1929	2432
1216	2433
1697	2434
4082	2435
2442	2436
5787	2437
96	2438
632	2439
6959	2440
2485	2441
8680	2442
4508	2443
4585	2444
6467	2445
2005	2446
4089	2447
4217	2448
4858	2449
1449	2450
19	2451
1528	2452
8112	2453
1582	2454
5946	2455
1765	2456
7624	2457
2405	2458
6550	2459
4196	2460
6695	2461
337	2462
4847	2463
6341	2464
3631	2465
7260	2466
1183	2467
4950	2468
4478	2469
105	2470
8232	2471
5862	2472
372	2473
4835	2474
2701	2475
3235	2476
506	2477
4165	2478
1373	2479
6012	2480
623	2481
4532	2482
286	2483
3260	2484
797	2485
7151	2486
3192	2487
5496	2488
927	2489
6463	2490
11	2491
7204	2492
7711	2493
1616	2494
7675	2495
2244	2496
2404	2497
2559	2498
5119	2499
8457	2500
6657	2501
4774	2502
207	2503
7490	2504
3368	2505
1730	2506
8717	2507
3625	2508
6945	2509
1476	2510
2260	2511
346	2512
5681	2513
8475	2514
1894	2515
3941	2516
5481	2517
103	2518
3428	2519
5710	2520
252	2521
3269	2522
166	2523
7781	2524
1575	2525
5509	2526
4915	2527
7864	2528
4408	2529
1025	2530
4119	2531
3508	2532
610	2533
345	2534
3490	2535
1198	2536
4057	2537
222	2538
1212	2539
2329	2540
629	2541
5664	2542
5562	2543
1801	2544
8978	2545
5640	2546
655	2547
1509	2548
3612	2549
8944	2550
3535	2551
3922	2552
5029	2553
6858	2554
5379	2555
3779	2556
8821	2557
5617	2558
1187	2559
34	2560
6126	2561
1900	2562
534	2563
5596	2564
323	2565
4998	2566
8813	2567
238	2568
7755	2569
1184	2570
357	2571
2492	2572
2605	2573
8249	2574
684	2575
3513	2576
8431	2577
1598	2578
8563	2579
1056	2580
9019	2581
5285	2582
3829	2583
7092	2584
6183	2585
5670	2586
8921	2587
8987	2588
6766	2589
9015	2590
8331	2591
705	2592
7174	2593
6355	2594
7613	2595
132	2596
29	2597
96	2598
1621	2599
7280	2600
7540	2601
6112	2602
1201	2603
117	2604
5495	2605
6819	2606
4550	2607
2947	2608
7603	2609
2038	2610
2324	2611
1602	2612
66	2613
4993	2614
5968	2615
1865	2616
8438	2617
6455	2618
3218	2619
2375	2620
31	2621
2261	2622
6332	2623
140	2624
4553	2625
5227	2626
2292	2627
190	2628
5749	2629
6732	2630
83	2631
205	2632
1404	2633
5184	2634
6544	2635
4953	2636
5233	2637
400	2638
3364	2639
1192	2640
671	2641
7293	2642
713	2643
8069	2644
977	2645
8796	2646
481	2647
668	2648
8310	2649
8744	2650
1924	2651
142	2652
7815	2653
3070	2654
8481	2655
4820	2656
8092	2657
3100	2658
6184	2659
1959	2660
7011	2661
461	2662
5310	2663
72	2664
683	2665
3144	2666
4163	2667
8695	2668
4212	2669
138	2670
8422	2671
5720	2672
5057	2673
3176	2674
423	2675
8532	2676
5306	2677
6570	2678
5796	2679
590	2680
1356	2681
6398	2682
3446	2683
224	2684
7032	2685
2662	2686
745	2687
3621	2688
6513	2689
7454	2690
8401	2691
5320	2692
1241	2693
1537	2694
4979	2695
2894	2696
2876	2697
475	2698
6965	2699
6707	2700
497	2701
5540	2702
2546	2703
6848	2704
5754	2705
1463	2706
6715	2707
298	2708
7392	2709
4185	2710
212	2711
1861	2712
2637	2713
4776	2714
3524	2715
6485	2716
4	2717
6698	2718
1807	2719
8396	2720
8025	2721
856	2722
5600	2723
2233	2724
4966	2725
3995	2726
2972	2727
3743	2728
6783	2729
6928	2730
964	2731
895	2732
7177	2733
8704	2734
4021	2735
9	2736
1246	2737
5629	2738
6088	2739
5043	2740
5988	2741
6773	2742
4699	2743
8809	2744
3449	2745
1993	2746
5264	2747
1095	2748
3804	2749
1753	2750
5648	2751
3544	2752
6310	2753
3570	2754
2141	2755
1169	2756
4328	2757
6389	2758
71	2759
17	2760
2687	2761
8636	2762
2652	2763
8155	2764
7809	2765
8905	2766
659	2767
4577	2768
6739	2769
7263	2770
8287	2771
4381	2772
3688	2773
4354	2774
3239	2775
7647	2776
3163	2777
7167	2778
6625	2779
5312	2780
8587	2781
4278	2782
8	2783
3787	2784
6471	2785
1580	2786
7556	2787
9038	2788
4228	2789
1287	2790
2328	2791
9008	2792
6413	2793
7027	2794
7444	2795
1252	2796
4840	2797
6775	2798
4071	2799
6226	2800
4204	2801
7915	2802
328	2803
3096	2804
2968	2805
6878	2806
7397	2807
3898	2808
233	2809
836	2810
1238	2811
1214	2812
3793	2813
8743	2814
7600	2815
7784	2816
7196	2817
3869	2818
7649	2819
6228	2820
4540	2821
2014	2822
2976	2823
8727	2824
5136	2825
2521	2826
6482	2827
7338	2828
4324	2829
1350	2830
1326	2831
6209	2832
5815	2833
29	2834
4656	2835
8754	2836
6308	2837
8146	2838
3715	2839
6845	2840
2438	2841
7257	2842
5764	2843
8953	2844
6681	2845
6888	2846
2051	2847
8554	2848
2216	2849
4032	2850
7068	2851
7236	2852
294	2853
685	2854
1077	2855
914	2856
6019	2857
6920	2858
1612	2859
6884	2860
3	2861
4609	2862
2601	2863
521	2864
8264	2865
2882	2866
322	2867
33	2868
4011	2869
949	2870
731	2871
7581	2872
8215	2873
6675	2874
1128	2875
434	2876
5927	2877
4140	2878
7652	2879
77	2880
1549	2881
3	2882
76	2883
4178	2884
5816	2885
5023	2886
2085	2887
702	2888
5192	2889
18	2890
60	2891
7662	2892
20	2893
8289	2894
7748	2895
4272	2896
87	2897
4374	2898
112	2899
2724	2900
5980	2901
364	2902
5849	2903
7580	2904
5121	2905
557	2906
1291	2907
7478	2908
490	2909
567	2910
2156	2911
7749	2912
7704	2913
8930	2914
4496	2915
6464	2916
2415	2917
1091	2918
2401	2919
3158	2920
1805	2921
91	2922
8613	2923
5583	2924
6307	2925
1892	2926
515	2927
5728	2928
6761	2929
1709	2930
8834	2931
461	2932
5542	2933
1864	2934
5758	2935
4878	2936
6055	2937
5450	2938
6396	2939
7759	2940
249	2941
7768	2942
6991	2943
8009	2944
2243	2945
6673	2946
5865	2947
5194	2948
6556	2949
1496	2950
1143	2951
8348	2952
2730	2953
2887	2954
6211	2955
4098	2956
4237	2957
4467	2958
5883	2959
1495	2960
237	2961
5975	2962
1520	2963
4455	2964
335	2965
1659	2966
4340	2967
8553	2968
6584	2969
2627	2970
8106	2971
4931	2972
8460	2973
4281	2974
8586	2975
585	2976
6524	2977
9004	2978
833	2979
3624	2980
5516	2981
4097	2982
7671	2983
98	2984
7796	2985
8776	2986
8675	2987
449	2988
4802	2989
7026	2990
580	2991
6638	2992
8332	2993
7389	2994
2059	2995
3111	2996
2595	2997
6298	2998
6580	2999
1386	3000
66	3001
2545	3002
6711	3003
3065	3004
4759	3005
1941	3006
568	3007
1989	3008
5104	3009
8888	3010
989	3011
6958	3012
4175	3013
2501	3014
2264	3015
2419	3016
240	3017
1608	3018
501	3019
3886	3020
7842	3021
6993	3022
1741	3023
5244	3024
7594	3025
3912	3026
317	3027
8567	3028
3534	3029
6805	3030
2760	3031
6056	3032
5271	3033
6521	3034
3227	3035
3673	3036
3040	3037
2229	3038
1276	3039
9011	3040
5423	3041
3947	3042
169	3043
1227	3044
8609	3045
5381	3046
5388	3047
608	3048
5705	3049
971	3050
716	3051
5675	3052
2925	3053
3977	3054
7630	3055
7028	3056
1321	3057
7631	3058
1539	3059
4375	3060
1641	3061
2636	3062
6784	3063
5055	3064
7893	3065
2967	3066
7674	3067
42	3068
8561	3069
3035	3070
8198	3071
7644	3072
3890	3073
2773	3074
8236	3075
7427	3076
5129	3077
579	3078
63	3079
7211	3080
9028	3081
6908	3082
4587	3083
1808	3084
332	3085
8295	3086
8841	3087
2423	3088
3843	3089
92	3090
5081	3091
3789	3092
7640	3093
8413	3094
7710	3095
7634	3096
5152	3097
3924	3098
4431	3099
1071	3100
7533	3101
7541	3102
4004	3103
3188	3104
1395	3105
7810	3106
2681	3107
223	3108
351	3109
1531	3110
7957	3111
2041	3112
7089	3113
3362	3114
2433	3115
2516	3116
556	3117
2338	3118
6280	3119
2073	3120
6350	3121
2532	3122
8917	3123
645	3124
5586	3125
9006	3126
7928	3127
6496	3128
7876	3129
4023	3130
7823	3131
5030	3132
5333	3133
8679	3134
3572	3135
41	3136
78	3137
722	3138
2128	3139
5392	3140
2795	3141
5132	3142
1744	3143
7994	3144
3565	3145
6130	3146
3887	3147
5343	3148
2227	3149
791	3150
7691	3151
9010	3152
8600	3153
2960	3154
468	3155
8411	3156
2750	3157
7249	3158
3845	3159
7468	3160
4156	3161
8838	3162
3335	3163
8147	3164
183	3165
1347	3166
6797	3167
4881	3168
2494	3169
8235	3170
7688	3171
5238	3172
2434	3173
8726	3174
537	3175
2353	3176
760	3177
698	3178
7256	3179
3215	3180
730	3181
503	3182
9066	3183
6913	3184
8483	3185
6743	3186
5291	3187
6581	3188
2122	3189
3385	3190
618	3191
8125	3192
2455	3193
10	3194
6073	3195
107	3196
8144	3197
2986	3198
89	3199
569	3200
7355	3201
1445	3202
6213	3203
5637	3204
3588	3205
5506	3206
885	3207
7426	3208
7365	3209
7005	3210
6300	3211
4469	3212
7831	3213
1524	3214
4129	3215
1572	3216
1835	3217
5448	3218
3278	3219
8954	3220
4078	3221
7621	3222
3397	3223
2839	3224
8556	3225
670	3226
1390	3227
5113	3228
3038	3229
6507	3230
7953	3231
2813	3232
2483	3233
1374	3234
3533	3235
1119	3236
2714	3237
723	3238
542	3239
124	3240
3357	3241
6726	3242
800	3243
835	3244
6370	3245
150	3246
5662	3247
3162	3248
8130	3249
2039	3250
104	3251
8224	3252
278	3253
5195	3254
3442	3255
525	3256
1	3257
937	3258
244	3259
8256	3260
620	3261
941	3262
3145	3263
6159	3264
6323	3265
270	3266
2530	3267
9013	3268
187	3269
7694	3270
134	3271
6023	3272
5009	3273
8948	3274
3758	3275
8131	3276
8742	3277
5593	3278
655	3279
38	3280
2620	3281
6557	3282
6475	3283
321	3284
109	3285
8399	3286
510	3287
8499	3288
704	3289
1012	3290
7328	3291
3746	3292
3481	3293
58	3294
1913	3295
2317	3296
2794	3297
10	3298
1343	3299
7379	3300
1555	3301
552	3302
4274	3303
653	3304
1064	3305
229	3306
526	3307
2686	3308
4552	3309
3308	3310
903	3311
8143	3312
22	3313
7606	3314
14	3315
7132	3316
3929	3317
7230	3318
1973	3319
5130	3320
8535	3321
4914	3322
1713	3323
6631	3324
2181	3325
2296	3326
1115	3327
2644	3328
459	3329
8767	3330
523	3331
5099	3332
535	3333
4787	3334
583	3335
7730	3336
7382	3337
2358	3338
2093	3339
7368	3340
7160	3341
8973	3342
685	3343
7383	3344
1	3345
3129	3346
195	3347
3156	3348
7939	3349
4642	3350
2200	3351
8265	3352
9032	3353
2268	3354
4059	3355
4378	3356
8666	3357
1409	3358
2087	3359
5703	3360
6608	3361
4482	3362
2954	3363
2872	3364
3102	3365
6251	3366
7185	3367
6175	3368
8	3369
6996	3370
179	3371
303	3372
4275	3373
3569	3374
400	3375
8879	3376
6200	3377
7285	3378
6954	3379
2721	3380
4535	3381
8850	3382
3563	3383
6409	3384
7157	3385
2510	3386
88	3387
1372	3388
5661	3389
6	3390
5341	3391
5784	3392
892	3393
1028	3394
6452	3395
2046	3396
1266	3397
4903	3398
7801	3399
658	3400
95	3401
269	3402
505	3403
2132	3404
76	3405
6203	3406
8017	3407
463	3408
489	3409
87	3410
613	3411
8117	3412
7262	3413
6680	3414
1790	3415
365	3416
2211	3417
4364	3418
6391	3419
5944	3420
6202	3421
2245	3422
4395	3423
7312	3424
6018	3425
8574	3426
4780	3427
604	3428
6982	3429
706	3430
6234	3431
4911	3432
8568	3433
194	3434
6781	3435
3601	3436
8	3437
819	3438
2569	3439
361	3440
8114	3441
3076	3442
4493	3443
373	3444
4576	3445
6029	3446
2055	3447
7782	3448
692	3449
3181	3450
52	3451
8381	3452
59	3453
6730	3454
1637	3455
1378	3456
6442	3457
386	3458
5519	3459
933	3460
6749	3461
7279	3462
4641	3463
4073	3464
6366	3465
227	3466
7812	3467
117	3468
7949	3469
7467	3470
1302	3471
592	3472
7895	3473
520	3474
4006	3475
4348	3476
678	3477
7643	3478
89	3479
5377	3480
131	3481
3584	3482
624	3483
5092	3484
5957	3485
2274	3486
5348	3487
2733	3488
6823	3489
2311	3490
6616	3491
1756	3492
6458	3493
8598	3494
8840	3495
2834	3496
5347	3497
3182	3498
8269	3499
5757	3500
2684	3501
305	3502
1127	3503
8477	3504
5730	3505
6759	3506
7141	3507
405	3508
2	3509
6535	3510
3160	3511
4470	3512
144	3513
6574	3514
7725	3515
590	3516
292	3517
7220	3518
8958	3519
5380	3520
8296	3521
532	3522
7448	3523
5543	3524
5869	3525
4330	3526
7602	3527
126	3528
4900	3529
5856	3530
4825	3531
8949	3532
2857	3533
7975	3534
3395	3535
5950	3536
4830	3537
4173	3538
2382	3539
844	3540
4065	3541
1763	3542
5678	3543
21	3544
448	3545
1349	3546
1060	3547
682	3548
392	3549
6498	3550
8353	3551
1103	3552
8893	3553
7577	3554
8696	3555
1686	3556
7441	3557
4852	3558
27	3559
4604	3560
7057	3561
3392	3562
22	3563
408	3564
4325	3565
1739	3566
7429	3567
8219	3568
4019	3569
1190	3570
1716	3571
8632	3572
1679	3573
518	3574
245	3575
4241	3576
8443	3577
5651	3578
2453	3579
510	3580
8618	3581
501	3582
1815	3583
7449	3584
3851	3585
1563	3586
7039	3587
4648	3588
5088	3589
4182	3590
31	3591
5426	3592
953	3593
75	3594
4368	3595
4	3596
6790	3597
4947	3598
5655	3599
5742	3600
7150	3601
737	3602
6257	3603
6249	3604
114	3605
6489	3606
7421	3607
103	3608
7834	3609
2556	3610
2400	3611
8319	3612
4850	3613
8124	3614
8681	3615
1505	3616
5101	3617
7817	3618
6777	3619
8755	3620
4224	3621
437	3622
5916	3623
1678	3624
4735	3625
6636	3626
8276	3627
8346	3628
923	3629
3679	3630
4703	3631
3734	3632
5472	3633
415	3634
7240	3635
3376	3636
8240	3637
6656	3638
4435	3639
3892	3640
2408	3641
9064	3642
6583	3643
300	3644
5993	3645
8174	3646
2256	3647
983	3648
2067	3649
1589	3650
7964	3651
4580	3652
3931	3653
1654	3654
6746	3655
8113	3656
900	3657
7155	3658
2339	3659
3191	3660
56	3661
2890	3662
374	3663
1599	3664
1523	3665
3987	3666
6076	3667
5668	3668
2101	3669
34	3670
3327	3671
7482	3672
3014	3673
5173	3674
4716	3675
5286	3676
433	3677
8238	3678
5891	3679
3531	3680
5015	3681
4344	3682
73	3683
5528	3684
7712	3685
4736	3686
4968	3687
5351	3688
5861	3689
8938	3690
6693	3691
1553	3692
876	3693
8383	3694
462	3695
4492	3696
7744	3697
5735	3698
9041	3699
8292	3700
6520	3701
8791	3702
6166	3703
68	3704
2969	3705
4232	3706
8070	3707
7803	3708
6031	3709
595	3710
4360	3711
6066	3712
2045	3713
3280	3714
2176	3715
4554	3716
1346	3717
8673	3718
6032	3719
3361	3720
1013	3721
2840	3722
6347	3723
7943	3724
4361	3725
2962	3726
3528	3727
6642	3728
7168	3729
7805	3730
7277	3731
567	3732
5144	3733
160	3734
5191	3735
4016	3736
8439	3737
7384	3738
3406	3739
4670	3740
5147	3741
8941	3742
41	3743
36	3744
5044	3745
4084	3746
2541	3747
506	3748
1063	3749
8716	3750
2589	3751
5989	3752
8962	3753
2575	3754
912	3755
675	3756
8024	3757
6371	3758
3488	3759
8098	3760
7473	3761
5559	3762
843	3763
165	3764
4332	3765
6957	3766
1247	3767
67	3768
2253	3769
5265	3770
4610	3771
8516	3772
7305	3773
3456	3774
7145	3775
6402	3776
1570	3777
5062	3778
1380	3779
5977	3780
6071	3781
2019	3782
3012	3783
3101	3784
293	3785
6690	3786
84	3787
4601	3788
7357	3789
94	3790
615	3791
5718	3792
6935	3793
305	3794
7406	3795
1486	3796
327	3797
4009	3798
8990	3799
3424	3800
24	3801
423	3802
8472	3803
5641	3804
2194	3805
376	3806
6306	3807
4822	3808
8128	3809
97	3810
2104	3811
330	3812
100	3813
706	3814
1622	3815
1658	3816
7241	3817
2	3818
8942	3819
6337	3820
2807	3821
3128	3822
5747	3823
6981	3824
3479	3825
3852	3826
1971	3827
1675	3828
2825	3829
65	3830
7358	3831
32	3832
798	3833
7575	3834
6987	3835
2706	3836
5905	3837
4574	3838
3174	3839
1231	3840
3519	3841
1868	3842
8491	3843
8672	3844
186	3845
3595	3846
5572	3847
43	3848
1035	3849
7596	3850
1850	3851
4123	3852
2885	3853
4746	3854
8655	3855
2991	3856
606	3857
7183	3858
4588	3859
8639	3860
5125	3861
1021	3862
6266	3863
2823	3864
6343	3865
61	3866
4029	3867
254	3868
6624	3869
380	3870
3226	3871
5007	3872
131	3873
879	3874
4139	3875
4154	3876
261	3877
213	3878
8736	3879
8291	3880
3023	3881
6322	3882
7404	3883
2298	3884
735	3885
7459	3886
4961	3887
5723	3888
62	3889
1018	3890
5293	3891
641	3892
4219	3893
5145	3894
8208	3895
6818	3896
7579	3897
6791	3898
3309	3899
5083	3900
2679	3901
4503	3902
2098	3903
3250	3904
8463	3905
4337	3906
7377	3907
4934	3908
684	3909
3152	3910
8787	3911
865	3912
4837	3913
719	3914
2649	3915
4533	3916
361	3917
8019	3918
2868	3919
2166	3920
256	3921
7692	3922
4877	3923
6869	3924
3222	3925
7777	3926
533	3927
2971	3928
5906	3929
5912	3930
1603	3931
2377	3932
7014	3933
3599	3934
4529	3935
4476	3936
1113	3937
1607	3938
3328	3939
3844	3940
2480	3941
75	3942
12	3943
930	3944
4050	3945
3574	3946
3818	3947
4159	3948
5598	3949
823	3950
4828	3951
6593	3952
57	3953
6762	3954
8902	3955
112	3956
8577	3957
8637	3958
116	3959
5084	3960
3119	3961
5812	3962
666	3963
6720	3964
58	3965
38	3966
4158	3967
4124	3968
5298	3969
327	3970
1474	3971
7388	3972
241	3973
1433	3974
4967	3975
2116	3976
3243	3977
802	3978
7474	3979
575	3980
3858	3981
560	3982
5949	3983
7222	3984
2745	3985
208	3986
6622	3987
3003	3988
4001	3989
3267	3990
1562	3991
4186	3992
2220	3993
5120	3994
99	3995
1019	3996
19	3997
4306	3998
422	3999
3575	4000
4068	4001
38	4002
3777	4003
1551	4004
5973	4005
39	4006
5503	4007
5987	4008
854	4009
8164	4010
6804	4011
6273	4012
7408	4013
8303	4014
7337	4015
8774	4016
2970	4017
7999	4018
4981	4019
2184	4020
1841	4021
6429	4022
5013	4023
8903	4024
1275	4025
36	4026
4816	4027
136	4028
6084	4029
4866	4030
4811	4031
597	4032
3606	4033
6483	4034
2308	4035
6575	4036
4010	4037
7511	4038
8728	4039
6745	4040
1729	4041
5493	4042
564	4043
4996	4044
5087	4045
1313	4046
4096	4047
3021	4048
7248	4049
6372	4050
1992	4051
714	4052
1794	4053
8253	4054
8418	4055
4234	4056
8339	4057
1334	4058
7410	4059
1623	4060
4605	4061
2275	4062
8089	4063
4578	4064
5794	4065
2279	4066
8801	4067
5203	4068
5159	4069
3991	4070
8710	4071
8524	4072
2631	4073
7670	4074
8193	4075
3415	4076
1916	4077
3754	4078
5511	4079
8468	4080
8083	4081
5433	4082
1332	4083
218	4084
8081	4085
7420	4086
9029	4087
2447	4088
4654	4089
886	4090
4036	4091
6629	4092
475	4093
4718	4094
8167	4095
3027	4096
5677	4097
8889	4098
3439	4099
4514	4100
6441	4101
6064	4102
2313	4103
8601	4104
2142	4105
8849	4106
6585	4107
7164	4108
2517	4109
5762	4110
7929	4111
4199	4112
1676	4113
7013	4114
3031	4115
2144	4116
4879	4117
1948	4118
8521	4119
3462	4120
4770	4121
4612	4122
2010	4123
5483	4124
1468	4125
3729	4126
1804	4127
3933	4128
401	4129
638	4130
4630	4131
7187	4132
4753	4133
256	4134
1590	4135
3345	4136
2736	4137
8916	4138
715	4139
3461	4140
17	4141
2112	4142
440	4143
1872	4144
7758	4145
3434	4146
1016	4147
50	4148
8038	4149
7077	4150
7797	4151
165	4152
5273	4153
4990	4154
167	4155
4589	4156
4265	4157
5078	4158
3963	4159
1849	4160
3522	4161
1515	4162
1290	4163
6558	4164
7659	4165
35	4166
2573	4167
7495	4168
6864	4169
6886	4170
7727	4171
3900	4172
3781	4173
6174	4174
8684	4175
792	4176
5921	4177
6381	4178
8997	4179
8327	4180
6880	4181
3062	4182
2170	4183
6309	4184
4516	4185
8913	4186
1003	4187
8667	4188
3693	4189
3846	4190
4719	4191
8120	4192
459	4193
3935	4194
7216	4195
7198	4196
5157	4197
3926	4198
5155	4199
605	4200
7330	4201
2222	4202
3811	4203
7776	4204
3683	4205
536	4206
3751	4207
669	4208
8060	4209
538	4210
8255	4211
8451	4212
4255	4213
4685	4214
376	4215
477	4216
3469	4217
4363	4218
442	4219
2430	4220
7456	4221
6111	4222
374	4223
3920	4224
4983	4225
321	4226
8530	4227
8928	4228
4761	4229
1398	4230
6813	4231
6654	4232
202	4233
2097	4234
2843	4235
2212	4236
7341	4237
806	4238
7551	4239
7086	4240
630	4241
6810	4242
8624	4243
2250	4244
2026	4245
1054	4246
4184	4247
2553	4248
5124	4249
3259	4250
4797	4251
639	4252
1945	4253
5743	4254
1298	4255
6480	4256
2277	4257
6148	4258
169	4259
3627	4260
5321	4261
7475	4262
342	4263
5510	4264
1309	4265
8511	4266
1740	4267
5464	4268
1529	4269
1186	4270
5115	4271
255	4272
76	4273
3615	4274
6319	4275
5193	4276
5398	4277
5107	4278
6566	4279
1910	4280
5654	4281
3757	4282
5049	4283
1668	4284
2091	4285
4842	4286
7103	4287
5206	4288
5161	4289
7056	4290
2037	4291
4650	4292
2822	4293
6865	4294
2205	4295
8315	4296
3917	4297
5389	4298
4263	4299
7747	4300
611	4301
677	4302
1817	4303
45	4304
2645	4305
5520	4306
8252	4307
6085	4308
6760	4309
4773	4310
6155	4311
8390	4312
351	4313
5823	4314
1722	4315
4229	4316
427	4317
8642	4318
8814	4319
1605	4320
6128	4321
566	4322
7037	4323
6156	4324
1647	4325
474	4326
5646	4327
8335	4328
5403	4329
384	4330
5134	4331
7267	4332
2608	4333
478	4334
5033	4335
6275	4336
963	4337
4698	4338
687	4339
1161	4340
4597	4341
3740	4342
257	4343
4141	4344
1296	4345
6150	4346
8037	4347
387	4348
3133	4349
2667	4350
3868	4351
6169	4352
7897	4353
7752	4354
5114	4355
8279	4356
4384	4357
5657	4358
4269	4359
3302	4360
3458	4361
8690	4362
8747	4363
3671	4364
7051	4365
3561	4366
4812	4367
8257	4368
969	4369
3139	4370
318	4371
7073	4372
3477	4373
36	4374
8865	4375
582	4376
6611	4377
5936	4378
5526	4379
167	4380
8214	4381
353	4382
793	4383
2818	4384
2938	4385
1998	4386
2648	4387
2781	4388
6826	4389
1316	4390
8595	4391
4965	4392
3560	4393
6757	4394
4329	4395
2611	4396
7587	4397
6883	4398
2493	4399
1547	4400
6929	4401
2647	4402
7787	4403
8202	4404
4629	4405
910	4406
133	4407
2337	4408
1972	4409
5097	4410
5139	4411
5135	4412
4963	4413
5499	4414
6639	4415
2977	4416
3985	4417
4958	4418
144	4419
8700	4420
8139	4421
6193	4422
9025	4423
8547	4424
1045	4425
320	4426
3265	4427
2121	4428
6104	4429
6866	4430
49	4431
438	4432
4803	4433
7941	4434
4941	4435
2737	4436
527	4437
7304	4438
7825	4439
7765	4440
916	4441
1990	4442
8347	4443
863	4444
222	4445
3551	4446
8436	4447
383	4448
3512	4449
3548	4450
1936	4451
6374	4452
478	4453
352	4454
3029	4455
4356	4456
5371	4457
4433	4458
7484	4459
6149	4460
4717	4461
4440	4462
6172	4463
3401	4464
5660	4465
7702	4466
4132	4467
7566	4468
5232	4469
3506	4470
3752	4471
8244	4472
7558	4473
805	4474
5019	4475
2596	4476
3803	4477
263	4478
2841	4479
290	4480
2475	4481
1305	4482
262	4483
999	4484
3154	4485
2705	4486
1144	4487
4162	4488
1180	4489
5383	4490
4115	4491
4221	4492
657	4493
8032	4494
4800	4495
6960	4496
2368	4497
7416	4498
4147	4499
8708	4500
6546	4501
4959	4502
1685	4503
7172	4504
4177	4505
4277	4506
2676	4507
37	4508
7022	4509
5051	4510
7065	4511
604	4512
1299	4513
5109	4514
3078	4515
727	4516
7504	4517
314	4518
7913	4519
2997	4520
6282	4521
4956	4522
6875	4523
4404	4524
934	4525
1656	4526
4077	4527
8833	4528
6723	4529
7514	4530
5063	4531
291	4532
16	4533
2617	4534
7194	4535
7536	4536
8423	4537
2924	4538
5278	4539
2792	4540
1588	4541
1788	4542
7349	4543
6734	4544
4871	4545
5180	4546
759	4547
598	4548
5477	4549
2100	4550
749	4551
2723	4552
8640	4553
7486	4554
249	4555
5387	4556
6829	4557
5012	4558
8110	4559
4687	4560
6666	4561
1964	4562
2061	4563
5533	4564
3167	4565
3828	4566
4033	4567
4076	4568
8173	4569
7125	4570
1460	4571
576	4572
4122	4573
1923	4574
5578	4575
155	4576
3219	4577
3592	4578
6832	4579
741	4580
3642	4581
1501	4582
5612	4583
1481	4584
1951	4585
2242	4586
7113	4587
8094	4588
4028	4589
8459	4590
2953	4591
6843	4592
3052	4593
8028	4594
8703	4595
8362	4596
8843	4597
191	4598
2440	4599
6010	4600
378	4601
6038	4602
6903	4603
8764	4604
7884	4605
2224	4606
7114	4607
557	4608
6253	4609
889	4610
187	4611
589	4612
4782	4613
7214	4614
3044	4615
6705	4616
2984	4617
5994	4618
8116	4619
2910	4620
5840	4621
1385	4622
339	4623
3893	4624
7127	4625
334	4626
922	4627
2080	4628
8040	4629
1073	4630
8652	4631
529	4632
3350	4633
2606	4634
8108	4635
670	4636
9024	4637
3674	4638
8800	4639
49	4640
8515	4641
7592	4642
90	4643
38	4644
2235	4645
444	4646
3504	4647
6120	4648
6817	4649
6336	4650
1116	4651
1277	4652
1360	4653
4653	4654
6770	4655
8336	4656
1862	4657
2753	4658
7992	4659
2660	4660
2450	4661
7870	4662
1080	4663
450	4664
128	4665
2157	4666
847	4667
1569	4668
672	4669
8294	4670
7922	4671
7982	4672
1033	4673
2907	4674
3132	4675
3098	4676
704	4677
5	4678
8576	4679
1829	4680
191	4681
8508	4682
35	4683
5111	4684
1921	4685
336	4686
5151	4687
120	4688
7528	4689
5602	4690
5766	4691
6881	4692
5551	4693
1568	4694
473	4695
1242	4696
1141	4697
2978	4698
8760	4699
626	4700
5692	4701
8847	4702
7502	4703
5259	4704
5234	4705
2130	4706
6188	4707
568	4708
5901	4709
5556	4710
95	4711
5228	4712
4258	4713
3389	4714
229	4715
1662	4716
230	4717
5143	4718
7276	4719
650	4720
7213	4721
7040	4722
4205	4723
3455	4724
462	4725
4960	4726
1405	4727
4286	4728
4456	4729
6154	4730
1542	4731
896	4732
6487	4733
6147	4734
1534	4735
4505	4736
664	4737
6353	4738
8936	4739
7364	4740
7373	4741
3374	4742
6531	4743
3165	4744
7519	4745
3137	4746
4206	4747
1583	4748
2870	4749
8569	4750
3184	4751
6360	4752
221	4753
5378	4754
7722	4755
8453	4756
5768	4757
1037	4758
508	4759
2199	4760
7567	4761
5453	4762
5820	4763
4873	4764
2056	4765
962	4766
4826	4767
6868	4768
5553	4769
3000	4770
7753	4771
6822	4772
6448	4773
1535	4774
7719	4775
5813	4776
3104	4777
6324	4778
1194	4779
4130	4780
5376	4781
3529	4782
4829	4783
139	4784
4480	4785
2527	4786
2693	4787
656	4788
5858	4789
6299	4790
4193	4791
6281	4792
3998	4793
3540	4794
3825	4795
6412	4796
7369	4797
4507	4798
9	4799
3652	4800
6179	4801
1239	4802
3644	4803
1909	4804
4066	4805
8260	4806
75	4807
7212	4808
2072	4809
2512	4810
490	4811
3273	4812
2149	4813
5261	4814
203	4815
810	4816
2193	4817
8706	4818
8562	4819
2937	4820
2411	4821
3687	4822
354	4823
5852	4824
1157	4825
264	4826
7721	4827
5932	4828
8228	4829
7209	4830
4020	4831
2664	4832
4504	4833
4560	4834
2680	4835
387	4836
6207	4837
8881	4838
4259	4839
8657	4840
6979	4841
6385	4842
3407	4843
8021	4844
5684	4845
2265	4846
7934	4847
3054	4848
7742	4849
6301	4850
2297	4851
2508	4852
2710	4853
6027	4854
1908	4855
2943	4856
1969	4857
4758	4858
6290	4859
2160	4860
132	4861
3121	4862
4042	4863
1036	4864
5719	4865
8080	4866
1693	4867
524	4868
4500	4869
5726	4870
7741	4871
7736	4872
3523	4873
4700	4874
7745	4875
5707	4876
4821	4877
7031	4878
6719	4879
3836	4880
2488	4881
703	4882
8863	4883
6277	4884
1754	4885
8226	4886
332	4887
4692	4888
7440	4889
5699	4890
7128	4891
280	4892
8811	4893
6902	4894
8466	4895
375	4896
3976	4897
3232	4898
546	4899
402	4900
5478	4901
5880	4902
6094	4903
1204	4904
203	4905
7933	4906
509	4907
5529	4908
4571	4909
8013	4910
5047	4911
3416	4912
5601	4913
411	4914
5755	4915
4450	4916
1008	4917
7770	4918
5106	4919
25	4920
3268	4921
2946	4922
6586	4923
866	4924
258	4925
7667	4926
122	4927
2333	4928
3465	4929
7664	4930
2470	4931
8920	4932
8365	4933
5830	4934
4369	4935
137	4936
542	4937
5539	4938
1974	4939
3677	4940
5804	4941
1207	4942
2677	4943
8293	4944
7521	4945
5903	4946
1891	4947
8782	4948
9071	4949
4765	4950
2273	4951
370	4952
5096	4953
161	4954
7100	4955
8792	4956
7767	4957
7074	4958
7347	4959
273	4960
3075	4961
466	4962
1458	4963
3020	4964
2476	4965
7806	4966
9039	4967
1053	4968
6072	4969
2610	4970
2133	4971
3771	4972
5322	4973
9005	4974
500	4975
2902	4976
873	4977
1576	4978
6685	4979
4739	4980
7154	4981
1469	4982
1121	4983
4100	4984
2	4985
55	4986
5148	4987
2669	4988
4121	4989
834	4990
8707	4991
4398	4992
9073	4993
5401	4994
135	4995
269	4996
8691	4997
7557	4998
6215	4999
6020	5000
6168	5001
2632	5002
8016	5003
1245	5004
5042	5005
437	5006
175	5007
2568	5008
2446	5009
6379	5010
905	5011
3143	5012
1991	5013
5680	5014
2565	5015
7501	5016
7874	5017
2114	5018
367	5019
1041	5020
328	5021
2892	5022
517	5023
8313	5024
6235	5025
1210	5026
647	5027
4366	5028
8490	5029
277	5030
3410	5031
3848	5032
8979	5033
3623	5034
3857	5035
5302	5036
599	5037
7619	5038
2152	5039
9072	5040
4548	5041
86	5042
852	5043
7488	5044
3216	5045
6794	5046
8868	5047
7660	5048
6700	5049
693	5050
492	5051
445	5052
5022	5053
3324	5054
2504	5055
8599	5056
274	5057
421	5058
4668	5059
1427	5060
6109	5061
6044	5062
8594	5063
5167	5064
4271	5065
3974	5066
1107	5067
5	5068
6994	5069
2054	5070
991	5071
5632	5072
2078	5073
335	5074
5056	5075
4664	5076
5412	5077
3318	5078
324	5079
5241	5080
449	5081
195	5082
180	5083
8612	5084
1271	5085
5456	5086
2035	5087
5805	5088
6041	5089
6921	5090
6787	5091
8274	5092
6162	5093
201	5094
8414	5095
2751	5096
5625	5097
7315	5098
3532	5099
8162	5100
6677	5101
6976	5102
928	5103
665	5104
8379	5105
8668	5106
484	5107
634	5108
4189	5109
4047	5110
8975	5111
5108	5112
7272	5113
5729	5114
1425	5115
129	5116
5075	5117
3138	5118
5444	5119
3581	5120
8503	5121
2699	5122
5118	5123
6755	5124
673	5125
672	5126
3609	5127
7370	5128
1230	5129
3810	5130
7655	5131
23	5132
5373	5133
5607	5134
4788	5135
4791	5136
2033	5137
24	5138
5704	5139
913	5140
1040	5141
666	5142
8489	5143
316	5144
312	5145
5872	5146
2426	5147
3879	5148
259	5149
483	5150
1609	5151
1267	5152
7342	5153
522	5154
8278	5155
1447	5156
1272	5157
5767	5158
6986	5159
7909	5160
1749	5161
607	5162
3157	5163
2718	5164
7866	5165
3194	5166
17	5167
313	5168
2904	5169
1667	5170
3039	5171
2361	5172
4351	5173
4411	5174
2497	5175
723	5176
2466	5177
2188	5178
628	5179
72	5180
8398	5181
480	5182
5563	5183
6177	5184
4771	5185
3011	5186
5857	5187
5536	5188
1394	5189
5731	5190
7413	5191
6403	5192
1059	5193
5786	5194
8234	5195
4859	5196
122	5197
2379	5198
8929	5199
1	5200
8514	5201
340	5202
2319	5203
8364	5204
6243	5205
8272	5206
148	5207
3702	5208
5885	5209
136	5210
116	5211
3094	5212
7728	5213
6961	5214
1643	5215
12	5216
2075	5217
276	5218
3742	5219
8330	5220
2090	5221
108	5222
9063	5223
98	5224
8462	5225
6658	5226
401	5227
7537	5228
6338	5229
367	5230
1005	5231
3155	5232
242	5233
4213	5234
662	5235
1137	5236
1499	5237
6835	5238
7354	5239
5053	5240
8469	5241
2053	5242
6313	5243
241	5244
6383	5245
4988	5246
868	5247
3006	5248
2270	5249
1268	5250
8630	5251
2944	5252
6515	5253
331	5254
496	5255
4211	5256
4838	5257
6538	5258
5713	5259
8148	5260
1482	5261
275	5262
174	5263
3759	5264
5940	5265
5644	5266
64	5267
21	5268
8360	5269
3668	5270
5001	5271
4662	5272
154	5273
313	5274
2741	5275
7498	5276
7217	5277
2689	5278
7143	5279
8756	5280
3	5281
1962	5282
7706	5283
128	5284
1518	5285
942	5286
6437	5287
173	5288
6262	5289
6738	5290
8323	5291
39	5292
7466	5293
84	5294
426	5295
5915	5296
9	5297
6840	5298
8487	5299
1896	5300
8479	5301
4116	5302
3060	5303
472	5304
6867	5305
3549	5306
2429	5307
257	5308
4438	5309
4935	5310
1777	5311
7661	5312
236	5313
730	5314
4425	5315
4403	5316
4640	5317
8641	5318
3405	5319
9027	5320
8860	5321
2171	5322
4081	5323
5584	5324
4583	5325
893	5326
7872	5327
5751	5328
4276	5329
350	5330
4591	5331
7471	5332
261	5333
3930	5334
67	5335
8133	5336
441	5337
4596	5338
535	5339
2764	5340
594	5341
3251	5342
7284	5343
6378	5344
6227	5345
7430	5346
8307	5347
296	5348
5545	5349
6752	5350
3030	5351
3387	5352
68	5353
1642	5354
1226	5355
4728	5356
470	5357
3483	5358
2301	5359
2672	5360
5679	5361
6058	5362
7900	5363
3425	5364
3536	5365
4052	5366
7792	5367
7788	5368
26	5369
5254	5370
899	5371
7001	5372
1090	5373
6223	5374
5128	5375
4192	5376
439	5377
6522	5378
7845	5379
4149	5380
931	5381
4423	5382
8725	5383
4682	5384
2851	5385
49	5386
5833	5387
5624	5388
7465	5389
4506	5390
3356	5391
1592	5392
6834	5393
3114	5394
6451	5395
7412	5396
3085	5397
8262	5398
4017	5399
2905	5400
1544	5401
5822	5402
2226	5403
8802	5404
2688	5405
7921	5406
790	5407
5790	5408
5059	5409
4925	5410
4347	5411
3583	5412
675	5413
4200	5414
1826	5415
5141	5416
5102	5417
8947	5418
697	5419
225	5420
5608	5421
2757	5422
8062	5423
7735	5424
382	5425
6444	5426
8939	5427
5871	5428
3429	5429
439	5430
270	5431
4080	5432
8943	5433
4322	5434
362	5435
181	5436
3492	5437
2320	5438
8406	5439
4102	5440
7115	5441
52	5442
3873	5443
3413	5444
6997	5445
8846	5446
995	5447
2145	5448
7233	5449
2624	5450
2147	5451
8127	5452
3261	5453
9003	5454
3990	5455
3084	5456
5689	5457
271	5458
1399	5459
3546	5460
292	5461
8606	5462
1163	5463
540	5464
5070	5465
1345	5466
6737	5467
3649	5468
4544	5469
8420	5470
2402	5471
5340	5472
8419	5473
8254	5474
7123	5475
7227	5476
6025	5477
5923	5478
152	5479
2295	5480
4754	5481
3348	5482
2465	5483
219	5484
8087	5485
150	5486
2288	5487
6646	5488
489	5489
2639	5490
16	5491
2102	5492
7096	5493
125	5494
1860	5495
7506	5496
4222	5497
5039	5498
3942	5499
3367	5500
799	5501
7258	5502
6927	5503
7400	5504
3109	5505
6327	5506
2572	5507
601	5508
6664	5509
7025	5510
5873	5511
3643	5512
3073	5513
5693	5514
8393	5515
7110	5516
8660	5517
3484	5518
7645	5519
5919	5520
5231	5521
545	5522
3651	5523
464	5524
3874	5525
3045	5526
3635	5527
8351	5528
238	5529
3279	5530
391	5531
2957	5532
6484	5533
788	5534
9023	5535
7637	5536
7082	5537
6494	5538
1902	5539
2491	5540
3884	5541
3691	5542
5566	5543
3115	5544
3756	5545
8777	5546
8160	5547
4471	5548
8980	5549
365	5550
5939	5551
8718	5552
4320	5553
6165	5554
1690	5555
1719	5556
6969	5557
5634	5558
6486	5559
31	5560
538	5561
1140	5562
696	5563
8427	5564
5364	5565
5958	5566
6943	5567
6264	5568
2071	5569
7993	5570
8142	5571
2707	5572
8925	5573
8031	5574
3499	5575
8746	5576
3471	5577
710	5578
5793	5579
6778	5580
8218	5581
3611	5582
683	5583
8263	5584
5465	5585
4971	5586
7121	5587
6545	5588
97	5589
4302	5590
6825	5591
2008	5592
7856	5593
2694	5594
7321	5595
1625	5596
6565	5597
2802	5598
3369	5599
8631	5600
2022	5601
6446	5602
8659	5603
1558	5604
1901	5605
2443	5606
5581	5607
738	5608
1735	5609
120	5610
1885	5611
584	5612
8286	5613
2633	5614
8619	5615
7348	5616
7604	5617
4731	5618
6224	5619
7716	5620
6445	5621
8246	5622
6904	5623
4713	5624
732	5625
8988	5626
1315	5627
2873	5628
581	5629
28	5630
5992	5631
4074	5632
8527	5633
1376	5634
5736	5635
8030	5636
5345	5637
4982	5638
3696	5639
3989	5640
5835	5641
1258	5642
341	5643
5828	5644
215	5645
8778	5646
7894	5647
3834	5648
8770	5649
8441	5650
6395	5651
4762	5652
8603	5653
6121	5654
629	5655
2886	5656
2987	5657
4208	5658
7396	5659
8678	5660
1720	5661
3061	5662
5318	5663
3211	5664
8758	5665
6802	5666
3883	5667
1265	5668
5698	5669
2158	5670
4928	5671
3169	5672
17	5673
6136	5674
6949	5675
528	5676
4863	5677
6587	5678
3750	5679
2283	5680
606	5681
4845	5682
4268	5683
766	5684
3675	5685
3709	5686
6831	5687
7371	5688
3808	5689
2740	5690
4952	5691
102	5692
4349	5693
5204	5694
8650	5695
3450	5696
3321	5697
8385	5698
3491	5699
107	5700
6632	5701
8099	5702
6086	5703
3951	5704
8180	5705
6079	5706
8464	5707
4176	5708
2847	5709
5211	5710
9040	5711
2248	5712
1475	5713
4898	5714
6905	5715
5174	5716
7116	5717
6469	5718
73	5719
2658	5720
5393	5721
2310	5722
72	5723
614	5724
7930	5725
355	5726
26	5727
7087	5728
4290	5729
223	5730
970	5731
12	5732
1432	5733
7526	5734
120	5735
465	5736
1694	5737
4107	5738
2410	5739
687	5740
3444	5741
124	5742
8445	5743
5282	5744
3878	5745
768	5746
4972	5747
5517	5748
5831	5749
80	5750
7458	5751
51	5752
1586	5753
2654	5754
7989	5755
5571	5756
6510	5757
1833	5758
8602	5759
1845	5760
2860	5761
3284	5762
2949	5763
8317	5764
7779	5765
1681	5766
2396	5767
5574	5768
7186	5769
3994	5770
46	5771
3784	5772
6427	5773
213	5774
7497	5775
1179	5776
3057	5777
4063	5778
612	5779
196	5780
1904	5781
2223	5782
1584	5783
83	5784
824	5785
34	5786
4310	5787
182	5788
5287	5789
1578	5790
7816	5791
7367	5792
8862	5793
7060	5794
472	5795
6449	5796
6874	5797
6724	5798
6564	5799
2384	5800
3968	5801
7288	5802
4885	5803
2360	5804
7826	5805
6568	5806
8461	5807
50	5808
2341	5809
373	5810
7045	5811
5031	5812
1915	5813
6081	5814
265	5815
2576	5816
965	5817
6069	5818
7952	5819
379	5820
7218	5821
3433	5822
4694	5823
2213	5824
2276	5825
32	5826
6141	5827
2131	5828
157	5829
7869	5830
8643	5831
2209	5832
7006	5833
7229	5834
3231	5835
526	5836
5863	5837
1	5838
1	5839
3936	5840
4836	5841
5491	5842
5313	5843
6117	5844
91	5845
550	5846
2487	5847
4143	5848
6255	5849
390	5850
1842	5851
5995	5852
870	5853
185	5854
1631	5855
5853	5856
359	5857
8054	5858
980	5859
7372	5860
3539	5861
3004	5862
5638	5863
476	5864
7071	5865
7290	5866
4706	5867
3087	5868
2509	5869
1761	5870
6146	5871
4038	5872
1387	5873
3514	5874
5979	5875
7618	5876
5907	5877
250	5878
3876	5879
4260	5880
214	5881
37	5882
2108	5883
8855	5884
7598	5885
2593	5886
127	5887
133	5888
338	5889
3656	5890
1920	5891
7381	5892
8213	5893
7708	5894
5438	5895
7442	5896
13	5897
8804	5898
5928	5899
2809	5900
2346	5901
454	5902
411	5903
135	5904
1105	5905
6008	5906
8810	5907
109	5908
7680	5909
8034	5910
5250	5911
3982	5912
441	5913
5447	5914
7453	5915
661	5916
2583	5917
7395	5918
6610	5919
3732	5920
921	5921
8442	5922
1840	5923
1497	5924
425	5925
6021	5926
3904	5927
5652	5928
1088	5929
4144	5930
1712	5931
8711	5932
594	5933
6259	5934
368	5935
9	5936
398	5937
228	5938
4	5939
3204	5940
2348	5941
549	5942
1760	5943
137	5944
2383	5945
2630	5946
6269	5947
8702	5948
4592	5949
4543	5950
3237	5951
6303	5952
8732	5953
378	5954
2340	5955
6613	5956
512	5957
5000	5958
82	5959
5095	5960
479	5961
355	5962
4152	5963
1438	5964
5045	5965
1401	5966
5150	5967
5091	5968
6919	5969
3340	5970
2534	5971
548	5972
8104	5973
7799	5974
3055	5975
2168	5976
259	5977
7126	5978
419	5979
3819	5980
7763	5981
8058	5982
3872	5983
2018	5984
6107	5985
3468	5986
6892	5987
561	5988
6245	5989
4409	5990
1162	5991
4468	5992
35	5993
952	5994
481	5995
571	5996
6841	5997
3246	5998
412	5999
692	6000
7885	6001
8053	6002
4040	6003
3614	6004
2588	6005
3783	6006
80	6007
2523	6008
8566	6009
7202	6010
6820	6011
8123	6012
8571	6013
8456	6014
3337	6015
4649	6016
708	6017
486	6018
6964	6019
2372	6020
6891	6021
4135	6022
774	6023
9061	6024
500	6025
958	6026
317	6027
19	6028
6422	6029
4932	6030
6577	6031
9051	6032
395	6033
86	6034
4874	6035
7899	6036
1020	6037
5874	6038
8361	6039
12	6040
1422	6041
450	6042
15	6043
2027	6044
5990	6045
6286	6046
4256	6047
8525	6048
2682	6049
385	6050
5537	6051
2749	6052
4239	6053
3199	6054
2077	6055
2474	6056
77	6057
534	6058
5618	6059
7940	6060
5774	6061
88	6062
8363	6063
1855	6064
78	6065
559	6066
8251	6067
8318	6068
1606	6069
2115	6070
147	6071
8970	6072
8589	6073
8156	6074
6125	6075
2551	6076
1759	6077
304	6078
6247	6079
7120	6080
6684	6081
3270	6082
380	6083
363	6084
6517	6085
2254	6086
887	6087
10	6088
2477	6089
7080	6090
234	6091
6554	6092
5893	6093
5407	6094
5552	6095
7117	6096
487	6097
3530	6098
3895	6099
138	6100
302	6101
7020	6102
6354	6103
1961	6104
1213	6105
7300	6106
4045	6107
7896	6108
2906	6109
4621	6110
7762	6111
6703	6112
1448	6113
3009	6114
99	6115
244	6116
8170	6117
277	6118
2231	6119
7295	6120
4572	6121
8627	6122
3718	6123
2861	6124
6729	6125
2831	6126
1727	6127
5476	6128
7523	6129
4927	6130
3559	6131
8858	6132
3482	6133
4686	6134
6623	6135
7588	6136
3516	6137
3408	6138
2472	6139
7709	6140
7818	6141
125	6142
3772	6143
512	6144
1206	6145
7434	6146
1825	6147
8382	6148
529	6149
164	6150
5568	6151
4236	6152
2989	6153
5367	6154
5773	6155
6198	6156
8540	6157
838	6158
8712	6159
2109	6160
563	6161
5295	6162
4606	6163
209	6164
4913	6165
7911	6166
2543	6167
772	6168
24	6169
479	6170
7628	6171
5190	6172
664	6173
3355	6174
6009	6175
1166	6176
8750	6177
7974	6178
3276	6179
509	6180
904	6181
94	6182
1338	6183
6426	6184
6007	6185
1364	6186
7785	6187
3448	6188
2897	6189
3110	6190
79	6191
4151	6192
2373	6193
78	6194
1786	6195
211	6196
1191	6197
4117	6198
4586	6199
4709	6200
326	6201
558	6202
2525	6203
7393	6204
555	6205
637	6206
6416	6207
8817	6208
621	6209
2614	6210
7971	6211
8645	6212
4600	6213
2786	6214
7385	6215
771	6216
353	6217
4916	6218
7023	6219
1297	6220
2225	6221
3419	6222
3860	6223
7432	6224
133	6225
3685	6226
3767	6227
5427	6228
1208	6229
619	6230
1987	6231
6509	6232
4663	6233
7403	6234
193	6235
3359	6236
1897	6237
4697	6238
6821	6239
541	6240
8523	6241
135	6242
5760	6243
2049	6244
7729	6245
2787	6246
4415	6247
1428	6248
7612	6249
8002	6250
4530	6251
7138	6252
469	6253
7195	6254
5431	6255
4666	6256
891	6257
5182	6258
406	6259
636	6260
5866	6261
6359	6262
626	6263
7008	6264
192	6265
8557	6266
1123	6267
5951	6268
859	6269
16	6270
4243	6271
6453	6272
4150	6273
2139	6274
123	6275
9070	6276
8412	6277
4041	6278
1970	6279
1660	6280
7673	6281
3396	6282
7146	6283
1182	6284
5913	6285
7824	6286
1333	6287
6853	6288
663	6289
2584	6290
558	6291
8518	6292
5860	6293
5489	6294
456	6295
4864	6296
288	6297
4681	6298
1015	6299
486	6300
5080	6301
1365	6302
162	6303
381	6304
3002	6305
547	6306
4376	6307
230	6308
2557	6309
4037	6310
127	6311
7289	6312
47	6313
7912	6314
2666	6315
4382	6316
4167	6317
1344	6318
3645	6319
434	6320
5201	6321
3747	6322
585	6323
5246	6324
206	6325
6988	6326
2315	6327
3418	6328
997	6329
6768	6330
2766	6331
246	6332
5918	6333
5636	6334
7021	6335
6164	6336
5606	6337
42	6338
7331	6339
5	6340
5513	6341
1853	6342
3379	6343
6688	6344
6194	6345
3124	6346
348	6347
6364	6348
725	6349
5531	6350
682	6351
172	6352
7108	6353
7215	6354
5722	6355
1883	6356
4293	6357
242	6358
6674	6359
151	6360
986	6361
5605	6362
649	6363
4051	6364
386	6365
6424	6366
4726	6367
254	6368
4867	6369
5016	6370
282	6371
2973	6372
1455	6373
3636	6374
3948	6375
7136	6376
8745	6377
311	6378
1859	6379
622	6380
2217	6381
8182	6382
2219	6383
2349	6384
4	6385
1640	6386
7622	6387
6070	6388
67	6389
2650	6390
699	6391
8051	6392
298	6393
2799	6394
498	6395
4602	6396
7925	6397
2376	6398
7543	6399
906	6400
5060	6401
7339	6402
126	6403
2180	6404
6502	6405
6533	6406
99	6407
5778	6408
4897	6409
7327	6410
4707	6411
609	6412
1595	6413
3320	6414
8859	6415
2918	6416
5922	6417
3945	6418
9030	6419
253	6420
2082	6421
4166	6422
6061	6423
2828	6424
8424	6425
1856	6426
7055	6427
5474	6428
3853	6429
3547	6430
430	6431
5779	6432
2674	6433
6182	6434
2531	6435
1926	6436
3126	6437
33	6438
4216	6439
466	6440
6131	6441
3681	6442
909	6443
4632	6444
3377	6445
8853	6446
925	6447
1488	6448
7984	6449
4321	6450
6687	6451
8407	6452
391	6453
4538	6454
323	6455
2325	6456
4188	6457
3582	6458
6089	6459
4187	6460
308	6461
7386	6462
1797	6463
1002	6464
8623	6465
4861	6466
2722	6467
215	6468
2023	6469
8992	6470
4942	6471
2746	6472
743	6473
8580	6474
398	6475
6115	6476
56	6477
1492	6478
5843	6479
5422	6480
1075	6481
6283	6482
3388	6483
4424	6484
6576	6485
2406	6486
5554	6487
1300	6488
377	6489
1477	6490
7	6491
3230	6492
131	6493
4954	6494
5093	6495
2612	6496
2959	6497
55	6498
5716	6499
184	6500
121	6501
299	6502
4459	6503
4439	6504
8082	6505
234	6506
877	6507
7109	6508
7156	6509
8185	6510
5985	6511
1873	6512
2566	6513
4283	6514
9052	6515
6985	6516
1548	6517
3476	6518
2418	6519
5385	6520
4564	6521
2173	6522
7658	6523
5046	6524
9007	6525
2933	6526
2153	6527
5518	6528
8664	6529
8149	6530
1504	6531
8281	6532
2698	6533
917	6534
6473	6535
1540	6536
5220	6537
7646	6538
7843	6539
8709	6540
1899	6541
5061	6542
725	6543
7549	6544
3571	6545
7287	6546
1274	6547
6199	6548
4757	6549
6314	6550
7886	6551
8901	6552
7366	6553
7626	6554
3333	6555
7309	6556
3422	6557
7019	6558
3464	6559
1459	6560
8721	6561
93	6562
696	6563
4155	6564
2657	6565
2050	6566
5324	6567
2738	6568
588	6569
1879	6570
3782	6571
7851	6572
8550	6573
940	6574
4169	6575
686	6576
1832	6577
784	6578
4075	6579
61	6580
7179	6581
7666	6582
653	6583
2720	6584
4113	6585
3228	6586
2	6587
1085	6588
27	6589
8268	6590
7677	6591
1871	6592
497	6593
4745	6594
2269	6595
6972	6596
2374	6597
3371	6598
3680	6599
3596	6600
208	6601
7235	6602
2198	6603
79	6604
3253	6605
287	6606
5235	6607
6620	6608
2570	6609
468	6610
2032	6611
446	6612
2812	6613
4712	6614
4637	6615
7918	6616
442	6617
22	6618
7764	6619
8304	6620
1172	6621
4002	6622
142	6623
2409	6624
7007	6625
1696	6626
2889	6627
1284	6628
6067	6629
476	6630
484	6631
2174	6632
6189	6633
5260	6634
1874	6635
2327	6636
4396	6637
104	6638
8153	6639
5038	6640
243	6641
2286	6642
7669	6643
2747	6644
7078	6645
693	6646
5548	6647
7995	6648
111	6649
7499	6650
3564	6651
444	6652
8977	6653
194	6654
1117	6655
153	6656
7819	6657
211	6658
1205	6659
1953	6660
8629	6661
3193	6662
4301	6663
5809	6664
464	6665
4547	6666
8892	6667
7555	6668
1966	6669
3383	6670
4251	6671
7808	6672
1878	6673
619	6674
3909	6675
1111	6676
3598	6677
8394	6678
5986	6679
2599	6680
7527	6681
4388	6682
2928	6683
6716	6684
2105	6685
7169	6686
1752	6687
967	6688
3899	6689
2754	6690
2555	6691
6392	6692
7292	6693
8654	6694
6595	6695
3999	6696
6915	6697
4043	6698
3300	6699
2125	6700
4393	6701
5445	6702
3620	6703
118	6704
8200	6705
8565	6706
4407	6707
2538	6708
4570	6709
7237	6710
6271	6711
3378	6712
174	6713
956	6714
8793	6715
4449	6716
4463	6717
5781	6718
4882	6719
2048	6720
8119	6721
527	6722
1688	6723
4414	6724
3034	6725
5745	6726
5512	6727
4834	6728
6060	6729
2587	6730
7	6731
8434	6732
7927	6733
27	6734
4085	6735
1895	6736
689	6737
6811	6738
10	6739
31	6740
1411	6741
7733	6742
480	6743
1039	6744
258	6745
5008	6746
6201	6747
6955	6748
7901	6749
5396	6750
1286	6751
6947	6752
5452	6753
7503	6754
2234	6755
3986	6756
4316	6757
783	6758
6561	6759
5034	6760
860	6761
4872	6762
50	6763
9033	6764
987	6765
635	6766
2398	6767
712	6768
7684	6769
624	6770
3956	6771
7066	6772
688	6773
7316	6774
600	6775
53	6776
6911	6777
5744	6778
3865	6779
1142	6780
6122	6781
5824	6782
8646	6783
2863	6784
2700	6785
4223	6786
7881	6787
7485	6788
7375	6789
4410	6790
2057	6791
1628	6792
6504	6793
7363	6794
15	6795
8181	6796
149	6797
599	6798
37	6799
1823	6800
7099	6801
7589	6802
2457	6803
3735	6804
4831	6805
758	6806
3817	6807
93	6808
757	6809
1517	6810
3634	6811
8370	6812
631	6813
2239	6814
3719	6815
1827	6816
541	6817
352	6818
6119	6819
3151	6820
2623	6821
4677	6822
2407	6823
1031	6824
2306	6825
5997	6826
3971	6827
4555	6828
8433	6829
5418	6830
4003	6831
2096	6832
3700	6833
4524	6834
2162	6835
7036	6836
2252	6837
69	6838
5582	6839
1136	6840
3454	6841
7345	6842
3049	6843
1308	6844
5455	6845
6491	6846
274	6847
3923	6848
271	6849
6998	6850
7751	6851
6495	6852
4240	6853
4359	6854
2	6855
4093	6856
3785	6857
282	6858
6098	6859
6619	6860
8784	6861
6645	6862
2656	6863
6258	6864
5425	6865
1673	6866
2117	6867
7976	6868
8558	6869
1461	6870
1614	6871
6968	6872
8480	6873
139	6874
3706	6875
3097	6876
2704	6877
3537	6878
2369	6879
1259	6880
6944	6881
2958	6882
3660	6883
4153	6884
3173	6885
127	6886
5996	6887
2435	6888
4355	6889
5240	6890
8634	6891
7654	6892
7732	6893
8759	6894
8823	6895
207	6896
6713	6897
6368	6898
6233	6899
8904	6900
287	6901
4058	6902
114	6903
8305	6904
4133	6905
1728	6906
266	6907
1370	6908
8998	6909
7891	6910
499	6911
6394	6912
4288	6913
8575	6914
426	6915
1995	6916
3880	6917
8471	6918
6722	6919
4922	6920
3175	6921
1893	6922
3304	6923
6430	6924
7578	6925
2414	6926
5041	6927
6256	6928
4651	6929
2881	6930
6438	6931
8222	6932
460	6933
748	6934
5597	6935
4335	6936
1396	6937
51	6938
1521	6939
3629	6940
2552	6941
8894	6942
4655	6943
5952	6944
4495	6945
3046	6946
3164	6947
2422	6948
3440	6949
658	6950
1379	6951
5199	6952
8074	6953
5363	6954
5910	6955
6043	6956
6980	6957
4180	6958
6447	6959
1260	6960
5127	6961
499	6962
268	6963
2074	6964
5270	6965
6528	6966
6992	6967
168	6968
651	6969
1229	6970
452	6971
7024	6972
8077	6973
1452	6974
7425	6975
2934	6976
240	6977
6740	6978
6	6979
394	6980
4190	6981
7990	6982
827	6983
1526	6984
349	6985
2079	6986
8772	6987
8573	6988
2709	6989
4804	6990
4824	6991
487	6992
8440	6993
8907	6994
8861	6995
4683	6996
6144	6997
2390	6998
3837	6999
8839	7000
5609	7001
8555	7002
2137	7003
633	7004
5727	7005
2814	7006
4948	7007
4853	7008
1138	7009
640	7010
1767	7011
2793	7012
5854	7013
1181	7014
1148	7015
7795	7016
5446	7017
231	7018
632	7019
8649	7020
5153	7021
5122	7022
8895	7023
3928	7024
7686	7025
8207	7026
70	7027
2088	7028
3647	7029
6652	7030
2420	7031
483	7032
4559	7033
1632	7034
6956	7035
6289	7036
801	7037
7739	7038
1322	7039
4248	7040
8909	7041
6015	7042
202	7043
1556	7044
8937	7045
2600	7046
7269	7047
3252	7048
3375	7049
2815	7050
309	7051
79	7052
2816	7053
711	7054
9068	7055
3557	7056
8242	7057
5068	7058
184	7059
5117	7060
5205	7061
5288	7062
915	7063
117	7064
8285	7065
105	7066
3881	7067
591	7068
8610	7069
3911	7070
2241	7071
8935	7072
47	7073
583	7074
307	7075
2607	7076
8	7077
3589	7078
5294	7079
399	7080
1764	7081
1388	7082
232	7083
56	7084
121	7085
5619	7086
7932	7087
6260	7088
7431	7089
5746	7090
3443	7091
3957	7092
1306	7093
690	7094
3315	7095
7072	7096
5501	7097
5098	7098
6317	7099
8102	7100
7685	7101
8014	7102
2604	7103
1946	7104
5834	7105
8877	7106
69	7107
7542	7108
115	7109
2929	7110
77	7111
160	7112
7436	7113
6896	7114
8395	7115
7638	7116
2364	7117
3509	7118
4565	7119
111	7120
5842	7121
104	7122
13	7123
4636	7124
204	7125
2983	7126
7178	7127
272	7128
71	7129
3	7130
7948	7131
103	7132
7731	7133
652	7134
5384	7135
8357	7136
5165	7137
2586	7138
5292	7139
189	7140
6459	7141
4452	7142
128	7143
3669	7144
862	7145
7135	7146
3122	7147
40	7148
4521	7149
7857	7150
8111	7151
149	7152
6838	7153
8870	7154
3984	7155
2638	7156
3225	7157
5467	7158
4061	7159
6590	7160
1243	7161
5197	7162
8217	7163
402	7164
1118	7165
622	7166
6497	7167
4579	7168
5724	7169
1440	7170
7636	7171
5954	7172
3628	7173
7464	7174
5881	7175
5085	7176
3210	7177
329	7178
3605	7179
9058	7180
1234	7181
1173	7182
8093	7183
4926	7184
8075	7185
3937	7186
8705	7187
1362	7188
20	7189
432	7190
3954	7191
659	7192
787	7193
2103	7194
2988	7195
397	7196
41	7197
494	7198
2768	7199
1337	7200
1358	7201
7625	7202
2336	7203
377	7204
4595	7205
5546	7206
1479	7207
3738	7208
6731	7209
8615	7210
1480	7211
6321	7212
19	7213
1389	7214
883	7215
383	7216
2776	7217
8699	7218
7837	7219
1732	7220
6551	7221
3103	7222
7772	7223
6661	7224
616	7225
6005	7226
33	7227
5709	7228
8100	7229
116	7230
648	7231
7447	7232
7617	7233
2120	7234
6285	7235
4918	7236
8221	7237
1784	7238
3127	7239
8697	7240
5549	7241
5620	7242
4220	7243
5441	7244
1319	7245
4844	7246
7545	7247
4282	7248
1617	7249
1594	7250
550	7251
119	7252
6108	7253
54	7254
5332	7255
403	7256
143	7257
11	7258
992	7259
556	7260
8724	7261
3294	7262
6776	7263
7972	7264
5214	7265
8022	7266
775	7267
1780	7268
113	7269
9050	7270
171	7271
2391	7272
7251	7273
2460	7274
6999	7275
6678	7276
8873	7277
4473	7278
1830	7279
3107	7280
204	7281
496	7282
168	7283
9026	7284
491	7285
9060	7286
3334	7287
4000	7288
8932	7289
308	7290
6059	7291
7147	7292
3130	7293
623	7294
42	7295
3217	7296
6457	7297
435	7298
7340	7299
1869	7300
6013	7301
1867	7302
342	7303
8216	7304
8933	7305
6236	7306
5933	7307
2618	7308
15	7309
485	7310
8581	7311
3254	7312
2515	7313
7969	7314
2980	7315
8496	7316
5269	7317
514	7318
6795	7319
6231	7320
8057	7321
3072	7322
1710	7323
2697	7324
982	7325
5955	7326
86	7327
644	7328
8308	7329
3816	7330
5740	7331
881	7332
96	7333
5752	7334
3967	7335
5328	7336
3283	7337
1513	7338
603	7339
57	7340
6270	7341
705	7342
8959	7343
9017	7344
4465	7345
3981	7346
3233	7347
63	7348
9036	7349
2195	7350
502	7351
156	7352
7584	7353
1525	7354
6408	7355
4270	7356
4696	7357
628	7358
25	7359
8806	7360
51	7361
5169	7362
6186	7363
7353	7364
8247	7365
5846	7366
4399	7367
5428	7368
6265	7369
618	7370
7936	7371
575	7372
7854	7373
1323	7374
1147	7375
8875	7376
5480	7377
4254	7378
1254	7379
7228	7380
6541	7381
674	7382
1836	7383
4638	7384
3602	7385
3384	7386
8797	7387
2314	7388
7590	7389
1674	7390
1200	7391
6477	7392
3346	7393
121	7394
5734	7395
2464	7396
2844	7397
3864	7398
2066	7399
6129	7400
2326	7401
3150	7402
2467	7403
4750	7404
2675	7405
4454	7406
1420	7407
8003	7408
7200	7409
1574	7410
4296	7411
6470	7412
6380	7413
9035	7414
4447	7415
8844	7416
4446	7417
280	7418
9043	7419
5355	7420
2068	7421
4317	7422
3992	7423
1125	7424
8042	7425
1988	7426
322	7427
3927	7428
5712	7429
344	7430
2266	7431
8762	7432
2441	7433
2458	7434
6779	7435
471	7436
4491	7437
7041	7438
170	7439
6040	7440
8486	7441
880	7442
1596	7443
3056	7444
647	7445
1263	7446
4171	7447
1789	7448
4905	7449
192	7450
4733	7451
3770	7452
1310	7453
1097	7454
5463	7455
3041	7456
3272	7457
4429	7458
9055	7459
3289	7460
5221	7461
3282	7462
1151	7463
5086	7464
680	7465
6906	7466
6153	7467
2819	7468
4793	7469
3310	7470
8617	7471
4892	7472
2895	7473
1884	7474
8426	7475
6397	7476
5706	7477
7173	7478
1168	7479
814	7480
3938	7481
3338	7482
6030	7483
3036	7484
6855	7485
6239	7486
8309	7487
1131	7488
4418	7489
4266	7490
7190	7491
8297	7492
3438	7493
2865	7494
562	7495
8091	7496
1367	7497
7701	7498
8504	7499
8579	7500
7443	7501
8502	7502
4233	7503
2783	7504
405	7505
2811	7506
6093	7507
8352	7508
6279	7509
7980	7510
3457	7511
5010	7512
8722	7513
1156	7514
2585	7515
428	7516
7690	7517
6440	7518
6431	7519
2044	7520
3140	7521
170	7522
7245	7523
1262	7524
8275	7525
8786	7526
8109	7527
7079	7528
4069	7529
3496	7530
4930	7531
5090	7532
451	7533
5836	7534
1099	7535
3285	7536
1768	7537
7144	7538
7539	7539
1001	7540
3403	7541
4137	7542
2001	7543
5032	7544
2884	7545
1958	7546
578	7547
8734	7548
30	7549
2154	7550
2845	7551
3850	7552
1994	7553
990	7554
4294	7555
764	7556
2412	7557
7512	7558
7931	7559
3511	7560
397	7561
3264	7562
8794	7563
2651	7564
645	7565
5908	7566
2267	7567
712	7568
2003	7569
2821	7570
2236	7571
680	7572
7668	7573
8415	7574
291	7575
4365	7576
350	7577
8006	7578
2711	7579
3586	7580
1776	7581
6390	7582
1706	7583
8314	7584
4226	7585
5628	7586
8378	7587
1726	7588
7898	7589
416	7590
1352	7591
8355	7592
8564	7593
3518	7594
6074	7595
4207	7596
2076	7597
1413	7598
8799	7599
5753	7600
3262	7601
5962	7602
6785	7603
6697	7604
2908	7605
7437	7606
6276	7607
4319	7608
924	7609
4657	7610
1279	7611
1700	7612
375	7613
2013	7614
6637	7615
7839	7616
3028	7617
972	7618
2218	7619
1536	7620
6852	7621
7016	7622
4906	7623
4628	7624
2663	7625
4724	7626
6400	7627
1092	7628
158	7629
6844	7630
4475	7631
2462	7632
8552	7633
9074	7634
3066	7635
5984	7636
998	7637
2461	7638
3314	7639
3	7640
2920	7641
2017	7642
8027	7643
214	7644
1006	7645
2421	7646
1561	7647
2481	7648
5884	7649
7926	7650
6411	7651
3344	7652
4695	7653
5048	7654
8701	7655
5565	7656
1762	7657
417	7658
3650	7659
8066	7660
445	7661
3807	7662
973	7663
8168	7664
1014	7665
1093	7666
2939	7667
3672	7668
1877	7669
1846	7670
4763	7671
7188	7672
7359	7673
5218	7674
4599	7675
2554	7676
5185	7677
2495	7678
5780	7679
8266	7680
4785	7681
7871	7682
3959	7683
5257	7684
6789	7685
4888	7686
6612	7687
5515	7688
8115	7689
4743	7690
3347	7691
3542	7692
8328	7693
1292	7694
115	7695
5072	7696
7683	7697
8397	7698
4227	7699
443	7700
6047	7701
9012	7702
7599	7703
1072	7704
3077	7705
2110	7706
552	7707
4195	7708
5982	7709
3409	7710
7391	7711
2717	7712
70	7713
4946	7714
1236	7715
1821	7716
3932	7717
5782	7718
7081	7719
4584	7720
5352	7721
1178	7722
2232	7723
7130	7724
5956	7725
4309	7726
5471	7727
1670	7728
488	7729
6514	7730
129	7731
6406	7732
2945	7733
8187	7734
4720	7735
2932	7736
358	7737
1498	7738
417	7739
1516	7740
3552	7741
864	7742
8780	7743
7623	7744
74	7745
3058	7746
7033	7747
7513	7748
588	7749
3171	7750
3578	7751
1407	7752
7510	7753
5365	7754
1424	7755
8845	7756
2309	7757
3773	7758
5587	7759
3200	7760
5630	7761
3708	7762
8241	7763
7923	7764
4125	7765
8607	7766
5242	7767
5838	7768
8749	7769
5524	7770
8723	7771
296	7772
4531	7773
7516	7774
8044	7775
3498	7776
124	7777
2782	7778
6824	7779
5248	7780
7029	7781
1340	7782
4561	7783
4280	7784
20	7785
337	7786
9069	7787
4313	7788
5799	7789
8991	7790
1165	7791
5315	7792
6518	7793
7859	7794
2496	7795
2040	7796
4372	7797
311	7798
8965	7799
4499	7800
635	7801
5803	7802
46	7803
59	7804
8856	7805
7947	7806
8775	7807
1725	7808
5969	7809
2582	7810
740	7811
390	7812
3131	7813
1557	7814
1750	7815
605	7816
153	7817
107	7818
2201	7819
7278	7820
2182	7821
809	7822
4646	7823
5314	7824
1171	7825
1170	7826
285	7827
7505	7828
2424	7829
2936	7830
673	7831
3323	7832
1351	7833
5037	7834
5739	7835
811	7836
3414	7837
5454	7838
85	7839
3972	7840
6091	7841
5878	7842
7582	7843
8455	7844
5436	7845
8541	7846
2961	7847
1132	7848
6331	7849
943	7850
2909	7851
8585	7852
2291	7853
1538	7854
4723	7855
6208	7856
7314	7857
5100	7858
7937	7859
988	7860
4441	7861
5277	7862
18	7863
8528	7864
8408	7865
8689	7866
1627	7867
6241	7868
290	7869
6923	7870
6894	7871
3554	7872
5171	7873
3212	7874
5798	7875
1655	7876
6219	7877
821	7878
4680	7879
504	7880
3229	7881
7550	7882
5721	7883
3682	7884
6598	7885
832	7886
8878	7887
2331	7888
7696	7889
6479	7890
4539	7891
3538	7892
6663	7893
7967	7894
7225	7895
6006	7896
2603	7897
5965	7898
3489	7899
5069	7900
6488	7901
3676	7902
5909	7903
6197	7904
1027	7905
6016	7906
2702	7907
8103	7908
2356	7909
9001	7910
7611	7911
5497	7912
1982	7913
8068	7914
7973	7915
8739	7916
4768	7917
3024	7918
5532	7919
65	7920
5658	7921
5875	7922
2931	7923
6725	7924
1952	7925
6529	7926
6123	7927
5005	7928
283	7929
5036	7930
6812	7931
4534	7932
6990	7933
3135	7934
5451	7935
1217	7936
177	7937
6816	7938
1451	7939
2597	7940
4358	7941
1766	7942
7954	7943
4110	7944
7746	7945
5325	7946
4181	7947
5502	7948
5239	7949
3256	7950
1810	7951
5374	7952
2499	7953
5188	7954
7648	7955
587	7956
2007	7957
6539	7958
4072	7959
3005	7960
157	7961
436	7962
7573	7963
6001	7964
2602	7965
2012	7966
4300	7967
8326	7968
6329	7969
3633	7970
8306	7971
2866	7972
2304	7973
6665	7974
4483	7975
7208	7976
7399	7977
341	7978
485	7979
8996	7980
498	7981
5296	7982
300	7983
1579	7984
3209	7985
1866	7986
5550	7987
4257	7988
4868	7989
8924	7990
926	7991
3312	7992
5301	7993
3170	7994
8369	7995
5255	7996
5806	7997
482	7998
8768	7999
7756	8000
2778	8001
8018	8002
3698	8003
251	8004
1220	8005
1269	8006
7775	8007
4406	8008
3577	8009
4904	8010
908	8011
4620	8012
5485	8013
8333	8014
7050	8015
4326	8016
2810	8017
8485	8018
1464	8019
7446	8020
724	8021
182	8022
2763	8023
5382	8024
4626	8025
8163	8026
8779	8027
8428	8028
6634	8029
5275	8030
6367	8031
4886	8032
5888	8033
8071	8034
368	8035
2208	8036
2290	8037
6897	8038
7585	8039
1442	8040
8733	8041
4962	8042
8220	8043
1304	8044
5672	8045
7687	8046
5103	8047
10	8048
709	8049
8551	8050
178	8051
7193	8052
3402	8053
8448	8054
1600	8055
4652	8056
4245	8057
4643	8058
3603	8059
5904	8060
6039	8061
5708	8062
3707	8063
3120	8064
102	8065
7841	8066
7665	8067
1426	8068
4807	8069
1795	8070
1493	8071
8719	8072
1858	8073
8517	8074
2094	8075
1043	8076
3247	8077
8008	8078
4738	8079
4545	8080
8869	8081
3329	8082
2578	8083
8798	8084
5018	8085
5482	8086
6747	8087
136	8088
1331	8089
6097	8090
9037	8091
6124	8092
1301	8093
1646	8094
4887	8095
8048	8096
2874	8097
6733	8098
3220	8099
109	8100
8248	8101
1167	8102
216	8103
438	8104
7494	8105
8661	8106
6962	8107
4567	8108
8766	8109
6407	8110
4542	8111
491	8112
2388	8113
7492	8114
5247	8115
330	8116
5635	8117
1502	8118
7268	8119
2177	8120
7270	8121
855	8122
3969	8123
7085	8124
2846	8125
53	8126
3502	8127
3566	8128
945	8129
4980	8130
3802	8131
8211	8132
1494	8133
1353	8134
6000	8135
5432	8136
446	8137
8449	8138
671	8139
5917	8140
2537	8141
5714	8142
7524	8143
3839	8144
3646	8145
474	8146
8785	8147
6096	8148
3089	8149
470	8150
4884	8151
4865	8152
2354	8153
8154	8154
596	8155
742	8156
60	8157
631	8158
2544	8159
1462	8160
3090	8161
1695	8162
2858	8163
216	8164
4198	8165
3905	8166
3153	8167
2966	8168
722	8169
5429	8170
247	8171
7062	8172
2206	8173
43	8174
3018	8175
4106	8176
5748	8177
7849	8178
7063	8179
2031	8180
6296	8181
7360	8182
4088	8183
2956	8184
163	8185
8380	8186
123	8187
4067	8188
336	8189
694	8190
6708	8191
1758	8192
105	8193
8494	8194
1927	8195
1905	8196
548	8197
8611	8198
2775	8199
776	8200
4203	8201
1684	8202
2011	8203
5028	8204
6815	8205
1932	8206
40	8207
1857	8208
3467	8209
6051	8210
44	8211
453	8212
4389	8213
662	8214
5162	8215
3042	8216
1202	8217
6895	8218
8757	8219
8880	8220
5065	8221
7827	8222
7723	8223
8086	8224
6851	8225
6035	8226
3613	8227
267	8228
329	8229
2321	8230
5573	8231
284	8232
6468	8233
5595	8234
6882	8235
3705	8236
3366	8237
7547	8238
4267	8239
2330	8240
3303	8241
4563	8242
3420	8243
5369	8244
7012	8245
848	8246
343	8247
6049	8248
81	8249
4815	8250
3568	8251
979	8252
6922	8253
7405	8254
5683	8255
4978	8256
5627	8257
314	8258
5198	8259
2835	8260
812	8261
4291	8262
6505	8263
8377	8264
356	8265
2833	8266
4619	8267
5020	8268
304	8269
3728	8270
1615	8271
5066	8272
6692	8273
2272	8274
4997	8275
3862	8276
2772	8277
5074	8278
1816	8279
1806	8280
3778	8281
3870	8282
7302	8283
679	8284
2451	8285
4142	8286
549	8287
6782	8288
5772	8289
681	8290
5504	8291
73	8292
2914	8293
7813	8294
3527	8295
5110	8296
8891	8297
8890	8298
8964	8299
5929	8300
9014	8301
6173	8302
7335	8303
1473	8304
6952	8305
6348	8306
4618	8307
3622	8308
4957	8309
5304	8310
8072	8311
3391	8312
4517	8313
8145	8314
6145	8315
8832	8316
1653	8317
2832	8318
7678	8319
8430	8320
2393	8321
25	8322
2628	8323
8614	8324
4338	8325
1189	8326
1949	8327
1490	8328
691	8329
7534	8330
1997	8331
2942	8332
2305	8333
8046	8334
2052	8335
1633	8336
6057	8337
6246	8338
3197	8339
4443	8340
5236	8341
709	8342
8259	8343
57	8344
7259	8345
1133	8346
55	8347
5682	8348
8388	8349
1707	8350
92	8351
3966	8352
288	8353
4794	8354
1907	8355
2626	8356
2015	8357
5243	8358
5948	8359
7760	8360
4034	8361
717	8362
3142	8363
825	8364
3460	8365
4385	8366
3342	8367
4635	8368
2000	8369
3201	8370
1397	8371
7053	8372
1618	8373
8432	8374
179	8375
4851	8376
5978	8377
5116	8378
7255	8379
1228	8380
5492	8381
4784	8382
6293	8383
7203	8384
8831	8385
4752	8386
649	8387
5149	8388
1937	8389
7297	8390
2197	8391
7635	8392
5616	8393
6242	8394
717	8395
1942	8396
6161	8397
1406	8398
7961	8399
2271	8400
8151	8401
326	8402
511	8403
3949	8404
778	8405
5359	8406
7137	8407
947	8408
7500	8409
6839	8410
625	8411
646	8412
3921	8413
4419	8414
6871	8415
2083	8416
4977	8417
5494	8418
190	8419
4573	8420
6033	8421
715	8422
1967	8423
8201	8424
7789	8425
4289	8426
2307	8427
5408	8428
1911	8429
3619	8430
8197	8431
198	8432
4030	8433
60	8434
603	8435
3001	8436
21	8437
2979	8438
8955	8439
8273	8440
8604	8441
4343	8442
2992	8443
173	8444
6352	8445
6846	8446
2186	8447
4742	8448
4148	8449
2842	8450
1803	8451
5930	8452
324	8453
8914	8454
5507	8455
8940	8456
4210	8457
5791	8458
4536	8459
1651	8460
4907	8461
3257	8462
7299	8463
901	8464
495	8465
707	8466
4611	8467
2785	8468
4451	8469
1240	8470
32	8471
7352	8472
773	8473
2762	8474
2332	8475
8011	8476
6511	8477
6717	8478
8872	8479
3856	8480
4549	8481
6977	8482
5360	8483
2616	8484
130	8485
285	8486
15	8487
3723	8488
8470	8489
413	8490
2790	8491
4114	8492
4312	8493
6274	8494
6493	8495
1074	8496
8960	8497
5535	8498
2187	8499
5653	8500
2164	8501
8141	8502
7703	8503
4869	8504
7889	8505
8105	8506
515	8507
736	8508
7698	8509
4645	8510
1456	8511
6721	8512
34	8513
3813	8514
8983	8515
2875	8516
6803	8517
6786	8518
7329	8519
25	8520
804	8521
1363	8522
4949	8523
7724	8524
5756	8525
4975	8526
2780	8527
210	8528
7663	8529
7979	8530
3431	8531
8467	8532
7158	8533
349	8534
6425	8535
4789	8536
5077	8537
1048	8538
440	8539
6405	8540
4104	8541
3293	8542
4658	8543
4031	8544
8584	8545
644	8546
455	8547
1838	8548
7131	8549
6210	8550
3325	8551
3008	8552
7800	8553
6630	8554
5071	8555
627	8556
2767	8557
2941	8558
3118	8559
8186	8560
6753	8561
8158	8562
5166	8563
5356	8564
8033	8565
3463	8566
4805	8567
6765	8568
8682	8569
5685	8570
878	8571
2871	8572
718	8573
5200	8574
1980	8575
841	8576
8735	8577
2210	8578
2204	8579
395	8580
6640	8581
8738	8582
8966	8583
6003	8584
890	8585
6741	8586
4880	8587
5073	8588
5580	8589
857	8590
134	8591
6078	8592
6217	8593
44	8594
8803	8595
5942	8596
1956	8597
2016	8598
436	8599
3795	8600
424	8601
5859	8602
636	8603
573	8604
7181	8605
5346	8606
8674	8607
6462	8608
6132	8609
1042	8610
3092	8611
598	8612
1283	8613
8392	8614
3412	8615
1354	8616
2685	8617
3007	8618
3840	8619
6669	8620
7546	8621
6361	8622
6254	8623
218	8624
6356	8625
4046	8626
6885	8627
1068	8628
364	8629
8653	8630
3134	8631
1743	8632
3525	8633
6050	8634
4479	8635
840	8636
547	8637
7418	8638
8588	8639
5142	8640
2506	8641
6527	8642
3749	8643
6167	8644
1454	8645
894	8646
2838	8647
553	8648
8345	8649
7576	8650
5414	8651
3788	8652
7608	8653
5475	8654
9062	8655
7846	8656
7965	8657
1278	8658
587	8659
513	8660
525	8661
2893	8662
2948	8663
4333	8664
3665	8665
146	8666
452	8667
6212	8668
850	8669
2788	8670
8356	8671
1145	8672
5353	8673
8478	8674
183	8675
678	8676
2528	8677
4919	8678
5409	8679
5354	8680
1108	8681
7273	8682
580	8683
7374	8684
3943	8685
665	8686
9016	8687
1847	8688
4120	8689
2202	8690
2774	8691
1746	8692
7438	8693
3381	8694
602	8695
8908	8696
9002	8697
139	8698
46	8699
3205	8700
4823	8701
7159	8702
8386	8703
5711	8704
4373	8705
579	8706
6808	8707
8961	8708
5801	8709
6415	8710
5776	8711
1034	8712
4994	8713
586	8714
2529	8715
248	8716
4854	8717
4353	8718
6683	8719
448	8720
6573	8721
545	8722
6774	8723
8537	8724
8231	8725
1648	8726
660	8727
4766	8728
7998	8729
2558	8730
4667	8731
8138	8732
5850	8733
5402	8734
3964	8735
4537	8736
938	8737
4391	8738
5262	8739
2386	8740
2119	8741
755	8742
4741	8743
3081	8744
7574	8745
4890	8746
1882	8747
2482	8748
80	8749
7591	8750
6828	8751
5981	8752
430	8753
2246	8754
3080	8755
7038	8756
5555	8757
3411	8758
3105	8759
2249	8760
747	8761
3610	8762
316	8763
1221	8764
4445	8765
4701	8766
950	8767
808	8768
6898	8769
6984	8770
2748	8771
7552	8772
3172	8773
8950	8774
6062	8775
1264	8776
5667	8777
1783	8778
779	8779
6388	8780
6414	8781
8899	8782
1708	8783
7201	8784
6877	8785
5490	8786
4617	8787
7563	8788
7493	8789
4799	8790
2691	8791
3299	8792
2417	8793
5841	8794
301	8795
7653	8796
1381	8797
2533	8798
1280	8799
5783	8800
6939	8801
663	8802
233	8803
8225	8804
4412	8805
6092	8806
8570	8807
1436	8808
5935	8809
763	8810
7561	8811
2468	8812
6696	8813
1965	8814
5788	8815
8720	8816
6420	8817
5631	8818
2852	8819
7919	8820
1638	8821
366	8822
1996	8823
1669	8824
7544	8825
456	8826
1814	8827
6288	8828
319	8829
5686	8830
993	8831
6435	8832
7170	8833
5645	8834
5281	8835
3051	8836
8795	8837
7102	8838
8184	8839
7206	8840
455	8841
3776	8842
140	8843
1185	8844
3830	8845
5267	8846
861	8847
7317	8848
3944	8849
68	8850
582	8851
3146	8852
5674	8853
6268	8854
5334	8855
2111	8856
1560	8857
1402	8858
839	8859
720	8860
4691	8861
519	8862
2502	8863
1770	8864
5817	8865
502	8866
2255	8867
21	8868
544	8869
2609	8870
8172	8871
3207	8872
1573	8873
2043	8874
4170	8875
7095	8876
6750	8877
7757	8878
2167	8879
1489	8880
8819	8881
5733	8882
3555	8883
7769	8884
5466	8885
2399	8886
48	8887
7264	8888
1714	8889
1408	8890
4109	8891
1769	8892
8493	8893
2591	8894
3697	8895
3760	8896
8545	8897
3441	8898
4899	8899
1639	8900
3946	8901
3336	8902
6176	8903
4103	8904
6682	8905
5177	8906
6311	8907
2280	8908
6373	8909
3736	8910
8484	8911
404	8912
7560	8913
8233	8914
5054	8915
5183	8916
175	8917
3576	8918
8923	8919
6975	8920
593	8921
4457	8922
6501	8923
572	8924
3733	8925
2744	8926
3326	8927
9022	8928
8458	8929
2437	8930
3786	8931
140	8932
4448	8933
7904	8934
5829	8935
2829	8936
5024	8937
396	8938
8204	8939
8741	8940
2577	8941
1887	8942
8085	8943
2343	8944
123	8945
1824	8946
8350	8947
8473	8948
4161	8949
4253	8950
7291	8951
2898	8952
7902	8953
1154	8954
6953	8955
193	8956
1101	8957
5961	8958
8753	8959
2756	8960
6572	8961
7362	8962
20	8963
3341	8964
3875	8965
4623	8966
6589	8967
8560	8968
3497	8969
8765	8970
7905	8971
5344	8972
2172	8973
7310	8974
8851	8975
7149	8976
6134	8977
5361	8978
5305	8979
3430	8980
1933	8981
8976	8982
8591	8983
3306	8984
8210	8985
53	8986
3663	8987
7718	8988
6351	8989
5391	8990
6907	8991
2547	8992
8052	8993
1416	8994
4273	8995
4054	8996
54	8997
457	8998
1011	8999
5017	9000
2150	9001
7761	9002
5411	9003
7672	9004
8531	9005
4164	9006
2416	9007
8533	9008
875	9009
3290	9010
22	9011
4	9012
5435	9013
6651	9014
3317	9015
5089	9016
5279	9017
1976	9018
8694	9019
1650	9020
679	9021
6563	9022
5112	9023
7303	9024
5280	9025
95	9026
6827	9027
4056	9028
27	9029
5967	9030
8367	9031
5082	9032
334	9033
5897	9034
1928	9035
4944	9036
4489	9037
638	9038
3116	9039
8176	9040
2505	9041
6220	9042
4848	9043
273	9044
8506	9045
8625	9046
1261	9047
8454	9048
6671	9049
3980	9050
2278	9051
7472	9052
5390	9053
6118	9054
1281	9055
4912	9056
3437	9057
7860	9058
1620	9059
1317	9060
7601	9061
469	9062
3515	9063
5	9064
7088	9065
82	9066
1418	9067
2922	9068
543	9069
1550	9070
8334	9071
3600	9072
246	9073
5514	9074
4387	9075
4862	9076
7515	9077
2935	9078
613	9079
87	9080
9031	9081
154	9082
4945	9083
4380	9084
6294	9085
5179	9086
6837	9087
267	9088
1979	9089
5158	9090
102	9091
6948	9092
6238	9093
7266	9094
5931	9095
6547	9096
8751	9097
4729	9098
5807	9099
4710	9100
66	9101
728	9102
420	9103
404	9104
7224	9105
6571	9106
83	9107
3973	9108
6052	9109
6106	9110
4929	9111
1543	9112
5052	9113
5458	9114
4417	9115
8692	9116
4352	9117
554	9118
7326	9119
315	9120
4174	9121
8261	9122
6641	9123
8698	9124
1282	9125
6605	9126
5844	9127
7707	9128
7069	9129
4136	9130
5673	9131
6974	9132
2134	9133
92	9134
1129	9135
7118	9136
5440	9137
8883	9138
3113	9139
5225	9140
642	9141
52	9142
522	9143
7754	9144
2919	9145
978	9146
5400	9147
5479	9148
6793	9149
8984	9150
7435	9151
4094	9152
5797	9153
539	9154
5342	9155
1834	9156
354	9157
3255	9158
6204	9159
627	9160
674	9161
7356	9162
6358	9163
1273	9164
1940	9165
6428	9166
6615	9167
4598	9168
3608	9169
8417	9170
4614	9171
751	9172
5614	9173
8544	9174
7018	9175
4684	9176
572	9177
1100	9178
6567	9179
8972	9180
3737	9181
177	9182
7737	9183
1930	9184
71	9185
4231	9186
911	9187
145	9188
1938	9189
8635	9190
2548	9191
8866	9192
8340	9193
1038	9194
565	9195
1430	9196
4087	9197
39	9198
6315	9199
1320	9200
1828	9201
4314	9202
6340	9203
54	9204
2513	9205
7307	9206
794	9207
4416	9208
2179	9209
3541	9210
643	9211
112	9212
702	9213
111	9214
189	9215
7531	9216
621	9217
1067	9218
1532	9219
4810	9220
1689	9221
8669	9222
2473	9223
4839	9224
7888	9225
5040	9226
7968	9227
6601	9228
4490	9229
6924	9230
615	9231
6376	9232
2743	9233
996	9234
2726	9235
5026	9236
40	9237
8824	9238
3487	9239
7010	9240
3480	9241
1785	9242
8670	9243
1791	9244
4832	9245
1010	9246
2824	9247
4342	9248
5999	9249
4510	9250
2299	9251
2952	9252
1837	9253
1251	9254
1851	9255
6591	9256
6252	9257
106	9258
602	9259
9057	9260
1196	9261
6594	9262
746	9263
252	9264
521	9265
113	9266
6618	9267
7439	9268
7798	9269
6053	9270
7463	9271
2413	9272
138	9273
5576	9274
3824	9275
3978	9276
2459	9277
7165	9278
369	9279
1742	9280
3713	9281
1663	9282
4197	9283
2439	9284
6181	9285
6195	9286
2293	9287
8122	9288
8835	9289
5014	9290
3351	9291
6423	9292
6045	9293
9009	9294
6655	9295
8994	9296
6024	9297
830	9298
1898	9299
7960	9300
4814	9301
4522	9302
3141	9303
3823	9304
6362	9305
5459	9306
5522	9307
3010	9308
4590	9309
1377	9310
3426	9311
7614	9312
7865	9313
3800	9314
5421	9315
5588	9316
612	9317
7133	9318
4315	9319
2431	9320
3975	9321
1086	9322
4801	9323
1870	9324
6516	9325
312	9326
3684	9327
8	9328
4350	9329
7346	9330
2574	9331
6083	9332
14	9333
3806	9334
7253	9335
8283	9336
7	9337
250	9338
403	9339
7428	9340
504	9341
5534	9342
306	9343
5599	9344
7848	9345
196	9346
137	9347
108	9348
6648	9349
1613	9350
260	9351
6633	9352
4748	9353
3095	9354
574	9355
8922	9356
8000	9357
6932	9358
2479	9359
302	9360
5027	9361
6036	9362
8548	9363
611	9364
1918	9365
8007	9366
6966	9367
511	9368
5290	9369
8298	9370
7378	9371
597	9372
688	9373
6668	9374
425	9375
3112	9376
6758	9377
4008	9378
608	9379
2178	9380
5245	9381
1682	9382
141	9383
8045	9384
7840	9385
69	9386
5420	9387
3445	9388
8321	9389
1224	9390
6272	9391
6363	9392
5561	9393
6500	9394
6614	9395
419	9396
7935	9397
2862	9398
4891	9399
3590	9400
8783	9401
3305	9402
7586	9403
6635	9404
7054	9405
3724	9406
7738	9407
5284	9408
5544	9409
7398	9410
108	9411
8830	9412
8229	9413
7766	9414
2560	9415
7959	9416
4901	9417
1687	9418
4261	9419
3953	9420
3580	9421
2395	9422
4613	9423
5202	9424
4044	9425
1519	9426
3298	9427
3106	9428
5473	9429
1439	9430
936	9431
2777	9432
8020	9433
3717	9434
4168	9435
957	9436
8320	9437
3915	9438
8519	9439
4875	9440
5105	9441
695	9442
7863	9443
939	9444
8513	9445
7210	9446
1329	9447
4025	9448
7009	9449
8199	9450
3473	9451
3353	9452
6206	9453
372	9454
3882	9455
1257	9456
5656	9457
2484	9458
6704	9459
35	9460
595	9461
1484	9462
8957	9463
3136	9464
5251	9465
1139	9466
6133	9467
6676	9468
1485	9469
2366	9470
2913	9471
7182	9472
4747	9473
654	9474
7861	9475
2990	9476
2998	9477
200	9478
2853	9479
1781	9480
6555	9481
74	9482
5164	9483
551	9484
1102	9485
4026	9486
2797	9487
458	9488
3871	9489
155	9490
7610	9491
5196	9492
346	9493
7322	9494
3573	9495
6543	9496
5523	9497
81	9498
5826	9499
1199	9500
976	9501
493	9502
3032	9503
3202	9504
729	9505
1925	9506
3249	9507
676	9508
1831	9509
1800	9510
4420	9511
2765	9512
6798	9513
7457	9514
3013	9515
4659	9516
7090	9517
9049	9518
4397	9519
8067	9520
8171	9521
4060	9522
8986	9523
164	9524
8626	9525
4714	9526
6410	9527
8344	9528
5357	9529
3459	9530
6910	9531
4920	9532
1635	9533
2463	9534
8829	9535
2163	9536
5395	9537
1818	9538
8329	9539
6849	9540
4064	9541
842	9542
5146	9543
718	9544
7313	9545
2671	9546
5691	9547
7311	9548
2127	9549
640	9550
6151	9551
5156	9552
5297	9553
5326	9554
769	9555
643	9556
1030	9557
1702	9558
589	9559
4247	9560
694	9561
9034	9562
577	9563
1318	9564
6889	9565
8250	9566
4775	9567
2478	9568
1393	9569
5890	9570
8522	9571
2126	9572
1890	9573
7946	9574
4460	9575
3838	9576
516	9577
654	9578
6873	9579
7003	9580
4541	9581
4634	9582
186	9583
4970	9584
115	9585
6	9586
295	9587
143	9588
7002	9589
1114	9590
4179	9591
1881	9592
4502	9593
7261	9594
1733	9595
9048	9596
5789	9597
8387	9598
5649	9599
4660	9600
660	9601
3553	9602
3550	9603
8662	9604
2436	9605
6229	9606
5079	9607
1414	9608
2539	9609
3907	9610
2312	9611
2394	9612
994	9613
4581	9614
5604	9615
2449	9616
2507	9617
28	9618
4921	9619
3764	9620
669	9621
8063	9622
7162	9623
2282	9624
3607	9625
8349	9626
782	9627
5457	9628
616	9629
6160	9630
3831	9631
1619	9632
3604	9633
767	9634
7908	9635
1087	9636
520	9637
8886	9638
8267	9639
23	9640
5323	9641
530	9642
228	9643
197	9644
1559	9645
3183	9646
6042	9647
348	9648
1691	9649
3266	9650
707	9651
5487	9652
2725	9653
6735	9654
2036	9655
2335	9656
5003	9657
2850	9658
7950	9659
5133	9660
897	9661
8995	9662
1082	9663
1935	9664
3704	9665
617	9666
4689	9667
4817	9668
370	9669
1417	9670
7917	9671
14	9672
3186	9673
7553	9674
1383	9675
1634	9676
2240	9677
7470	9678
1109	9679
6857	9680
85	9681
5256	9682
1947	9683
1193	9684
7715	9685
225	9686
1057	9687
1472	9688
251	9689
6525	9690
263	9691
3558	9692
3638	9693
4902	9694
2129	9695
4379	9696
4297	9697
6597	9698
2805	9699
2804	9700
7700	9701
2659	9702
4481	9703
5212	9704
4818	9705
716	9706
8876	9707
6326	9708
576	9709
4704	9710
7829	9711
3043	9712
1369	9713
639	9714
5892	9715
6914	9716
4973	9717
4690	9718
6780	9719
1177	9720
88	9721
226	9722
7726	9723
2004	9724
559	9725
7401	9726
600	9727
6569	9728
8059	9729
7489	9730
7562	9731
5615	9732
8465	9733
2284	9734
6788	9735
8137	9736
6090	9737
5335	9738
4607	9739
7415	9740
7191	9741
7679	9742
586	9743
1055	9744
7593	9745
4341	9746
467	9747
6386	9748
7238	9749
546	9750
2161	9751
1672	9752
4305	9753
3404	9754
6653	9755
2444	9756
7605	9757
1233	9758
6291	9759
3258	9760
3820	9761
4413	9762
3274	9763
6417	9764
9059	9765
1197	9766
1	9767
3093	9768
560	9769
81	9770
4086	9771
100	9772
6325	9773
5215	9774
6592	9775
26	9776
5976	9777
1441	9778
4673	9779
1875	9780
8136	9781
8534	9782
1444	9783
310	9784
4183	9785
8820	9786
8826	9787
5569	9788
1024	9789
651	9790
1522	9791
8389	9792
1510	9793
7483	9794
8769	9795
6901	9796
1307	9797
3421	9798
3670	9799
3716	9800
6240	9801
5303	9802
39	9803
713	9804
4625	9805
2086	9806
5468	9807
5633	9808
1419	9809
2020	9810
43	9811
1443	9812
3888	9813
7802	9814
366	9815
7075	9816
1244	9817
577	9818
7480	9819
6644	9820
3343	9821
6334	9822
4809	9823
4633	9824
1677	9825
6225	9826
2732	9827
1774	9828
2365	9829
5138	9830
3918	9831
6017	9832
63	9833
4976	9834
7424	9835
6918	9836
867	9837
1466	9838
3686	9839
279	9840
2820	9841
3916	9842
6127	9843
7880	9844
1450	9845
2619	9846
7301	9847
2646	9848
5181	9849
1295	9850
5821	9851
7361	9852
6180	9853
4924	9854
517	9855
5855	9856
357	9857
4284	9858
2118	9859
733	9860
3063	9861
5732	9862
2281	9863
4644	9864
4394	9865
584	9866
406	9867
2622	9868
3033	9869
6318	9870
8026	9871
601	9872
6560	9873
418	9874
507	9875
530	9876
3997	9877
5300	9878
5943	9879
1680	9880
3618	9881
1218	9882
7083	9883
44	9884
5154	9885
206	9886
1348	9887
1089	9888
2598	9889
981	9890
4477	9891
122	9892
4128	9893
6105	9894
5579	9895
6026	9896
7554	9897
224	9898
5	9899
1146	9900
2183	9901
8212	9902
6080	9903
2900	9904
7282	9905
8730	9906
2742	9907
531	9908
2903	9909
2300	9910
14	9911
4781	9912
5737	9913
4520	9914
1158	9915
1511	9916
2735	9917
7778	9918
4099	9919
4426	9920
6971	9921
8374	9922
2613	9923
276	9924
5642	9925
4528	9926
1917	9927
4127	9928
3556	9929
64	9930
6643	9931
1312	9932
5887	9933
4062	9934
5366	9935
3587	9936
6893	9937
5094	9938
239	9939
2771	9940
6443	9941
2964	9942
5963	9943
163	9944
3263	9945
829	9946
3979	9947
7422	9948
8132	9949
4556	9950
8748	9951
6330	9952
7455	9953
5222	9954
1944	9955
4090	9956
360	9957
7689	9958
516	9959
379	9960
8837	9961
4749	9962
7407	9963
6048	9964
6267	9965
2916	9966
8150	9967
294	9968
7945	9969
786	9970
8205	9971
45	9972
2975	9973
3821	9974
7318	9975
729	9976
8596	9977
6503	9978
7298	9979
8593	9980
4551	9981
8951	9982
4007	9983
2196	9984
5405	9985
5268	9986
8538	9987
8934	9988
1545	9989
2791	9990
8500	9991
7350	9992
5025	9993
4796	9994
3360	9995
6152	9996
1934	9997
8546	9998
2655	9999
6718	10000
