465	101	5	4.55
631	142	5	33.7
149	776	4	28.09
12	185	139	815.89
138	423	3	13.59
101	2166	4	15.41
116	537	4	15.81
2137	14	6	28.85
788	112	3	11.58
257	228	7	53.09
145	278	7	37.75
101	1653	4	12.8
101	1805	3	7.62
115	151	8	7.19
672	129	3	15.63
161	485	4	26.19
102	204	16	24.81
873	16	3	17.07
103	742	3	5.73
1359	113	3	15.34
211	168	4	16.45
392	207	3	19.57
104	1038	3	8.07
104	955	4	12.13
1240	108	4	19.78
105	230	17	44.04
380	115	7	27.69
126	214	5	13.88
101	781	4	5.83
229	118	9	31.81
1634	101	3	7.62
123	163	28	129.29
259	113	3	4.05
621	109	3	8.73
110	300	6	15.55
176	358	7	51.46
143	159	3	4.24
213	124	4	8.75
101	200	22	22.74
191	576	5	42.13
3016	130	4	40.42
322	115	6	19.14
1203	112	8	58.76
263	103	6	5.73
484	14	6	5.78
101	1546	6	23.96
2474	14	3	9.27
205	181	6	31.3
57	611	5	32.97
650	109	3	8.95
290	149	3	11.93
118	113	45	90.95
915	126	4	25.44
1192	12	3	7.1
114	484	4	13.92
109	4795	3	27.03
130	523	8	55.07
136	103	30	23.66
101	1141	7	24.46
2496	108	3	18.46
190	182	9	52.53
101	1292	7	27.38
400	105	4	6.34
106	103	87	6.78
381	14	7	4.91
117	199	9	24.56
147	113	13	18.89
197	125	5	12.32
104	133	27	17.27
2	160	5	8.9
104	197	13	16.36
733	385	15	217.82
683	252	4	37.89
101	2892	3	11.98
106	144	13	4.14
933	102	6	22.53
137	220	7	28.51
420	109	10	44.75
2040	12	3	11.65
337	963	17	272.33
1772	14	3	6.48
1782	105	3	12.73
444	189	3	19.87
588	108	7	30.8
118	153	6	6.84
813	14	8	19.57
101	1295	3	5.86
103	401	15	56.43
106	1483	3	12.04
101	1192	5	13.46
103	573	3	4.53
2627	218	3	34.57
153	256	6	32.06
124	127	17	36.19
592	236	4	35.88
150	2955	3	30.1
114	149	8	6.18
2022	169	4	42.52
140	143	23	97.51
101	3742	3	14.11
109	171	16	34.38
533	105	4	8.89
659	14	5	6.03
104	429	18	81.37
9	126	6	5.73
439	21	3	13.09
583	14	5	4.86
159	200	4	14.41
881	115	3	12.6
564	105	3	5.47
152	177	5	16.67
165	101	22	8.28
133	206	18	98.51
12	1093	11	59.75
111	343	6	18.77
105	326	4	4.36
116	201	14	47.53
364	107	3	3.96
219	104	12	18.18
1184	111	8	56.49
110	643	17	123.2
101	612	12	38.4
106	905	4	13.45
189	119	4	5.61
245	110	4	5.6
112	262	14	58.92
161	324	7	45.5
228	161	4	16.75
1692	106	3	12.77
228	108	5	6.1
2865	106	3	17.34
115	353	3	6.28
108	385	3	5.32
392	107	7	21.57
119	156	8	13.03
597	102	9	33.05
276	132	3	9.21
334	119	5	17.87
134	110	13	9.42
101	988	6	16
1433	102	5	22.52
122	165	5	7.12
122	104	39	25.89
507	197	3	21.25
102	360	6	9.31
245	186	3	14.71
300	14	16	22.96
103	628	3	4.89
196	625	4	32.72
163	104	25	37.97
132	151	5	7.5
163	245	3	12.28
104	1832	3	12.57
464	102	5	9.62
105	250	11	24.01
198	104	11	11.17
131	118	10	10.45
105	151	15	9.82
682	129	3	15.63
923	111	3	12.35
331	14	18	34.42
552	295	5	49.69
330	974	3	31.23
202	14	37	59.12
116	2760	3	22.94
106	635	5	15.32
440	107	3	5.43
676	102	3	5.14
104	664	6	19.16
2281	109	4	26.55
116	503	7	35
104	740	5	14.94
497	206	3	21.56
101	3482	3	14.11
104	1937	3	12.57
101	3406	3	14.11
129	318	4	15.6
101	1759	5	18.88
1067	14	4	6.86
510	475	3	30.16
109	2348	5	39.68
716	117	3	12.56
1698	14	5	16.83
1171	106	3	9.86
108	644	3	8.65
150	442	14	120.62
101	1116	6	17.69
273	113	5	11.66
162	120	8	14.37
113	294	3	4.9
103	374	6	10.37
101	1326	3	5.86
173	114	6	6.44
124	101	47	8.06
114	380	5	16.1
102	687	3	5.36
155	208	3	9.19
330	142	5	25
101	489	11	26.58
367	104	9	22.14
3011	102	3	15.8
101	2710	4	19.78
110	588	3	8.84
101	2846	4	19.78
101	2794	3	11.98
4976	155	3	37.71
770	110	3	10.46
254	103	18	49.79
886	12	4	9.33
9	12	47	47.33
103	3842	3	18.15
152	103	13	3.94
765	381	3	31
109	3877	4	36.05
133	199	5	14.28
106	593	4	9.92
2287	142	3	27.36
213	258	3	16.52
213	144	3	7.96
470	104	9	29
143	197	3	7.05
101	1504	6	23.96
103	330	52	338.18
184	672	3	22.58
101	3737	3	14.11
256	112	3	3.9
1374	117	5	35.56
217	257	4	24.91
1242	112	3	14.62
114	121	16	9.31
1068	12	12	69.07
101	1521	3	6.96
832	14	8	20.44
1263	106	3	10.33
102	2303	6	44.86
177	133	7	21.56
569	104	3	4.62
158	129	8	19.82
158	270	3	12.65
279	188	4	23.43
110	287	6	15.09
101	3066	3	11.98
1419	14	6	19.89
311	103	6	7.66
186	594	3	22.01
2394	14	5	23.43
106	177	15	21.56
435	110	3	6.9
155	106	14	10.11
1250	12	4	12.47
104	3019	5	38.23
103	1245	4	14.51
117	321	3	7.02
102	3194	4	29.91
147	114	7	4.12
117	206	4	5.6
147	183	4	11.26
2	280	4	14.69
169	194	3	9.77
3228	129	3	29.32
1117	102	6	25.11
290	133	4	15.32
2054	102	7	52.34
150	545	7	52.99
118	225	4	7.79
2258	102	3	13.06
280	103	6	6.62
227	121	3	4.82
124	143	8	12.38
136	177	3	5.08
103	535	5	11.2
106	1561	3	12.04
1061	117	6	40.71
101	3455	3	14.11
402	12	5	5.85
1212	14	4	7.98
276	108	22	103.98
1961	155	8	100.71
572	120	5	25.62
500	102	19	96.19
129	156	4	4.98
12	303	6	5.05
1728	102	7	42.9
1784	142	3	24.24
1040	14	8	24.71
3008	14	3	10.74
104	833	3	6.78
101	2179	3	9.33
135	14	41	6.48
1183	14	4	7.39
188	228	12	88.48
641	107	3	7.76
175	152	5	16.33
12	555	4	6
106	1694	3	12.77
125	298	3	8.86
12	1114	7	28.7
441	114	3	8.02
112	104	66	35.23
711	142	7	54.4
129	403	3	11.94
179	602	3	21.37
101	3378	4	24.69
856	14	5	7.98
1553	12	3	9.18
132	161	4	5.85
3858	12	3	16.53
1347	119	4	26.28
939	14	6	12.95
133	288	3	9.84
101	315	17	34.75
123	278	3	7.73
1762	102	4	17.78
836	102	3	6.34
808	136	4	26.05
101	3131	4	19.78
1273	591	4	54.24
104	1154	4	14.27
1391	102	4	15.82
104	1333	3	9.84
322	14	8	4.41
701	137	4	25
144	147	5	9.31
101	1478	3	6.96
101	1530	10	61.74
1793	12	3	9.88
113	324	4	9.44
162	191	3	8.92
183	111	6	7.22
416	129	3	12.34
2398	102	3	14.26
110	1246	3	13.76
105	1059	4	14.97
102	3333	4	29.91
117	214	4	6.24
104	312	5	5.51
2	123	11	16.64
105	2342	3	15.76
840	12	4	8.93
101	463	19	67.75
369	110	4	9.57
110	943	8	49.1
637	14	5	5.71
171	259	3	13.62
104	646	3	5.35
584	117	4	17.56
142	341	36	352.19
148	356	4	20.24
101	975	3	3.98
341	125	3	9.9
973	127	6	44.87
145	163	3	4.73
180	149	3	6.83
101	1669	4	12.8
104	5226	3	22.93
411	118	3	9.51
150	873	4	29.62
679	119	4	19.71
12	3672	3	16.53
108	157	18	33
3150	344	3	40.64
101	3261	4	24.69
1858	14	3	7.23
132	103	27	14.42
1016	12	3	6.33
346	14	9	7.35
3965	107	3	21.25
110	5350	3	27.6
125	113	57	176.81
272	101	17	27.71
189	144	4	11.14
529	263	6	59.92
203	127	14	64.73
103	1955	3	12.25
1687	104	3	11.74
12	345	8	12.47
107	197	15	33.97
600	108	11	60.87
105	103	164	109.76
981	12	4	10.21
105	244	6	6.68
265	237	5	35.98
107	121	19	4.74
295	130	3	9.59
1366	14	3	4.79
156	244	16	116.97
436	299	14	165.49
240	317	3	20.09
1759	14	3	6.48
126	226	9	37.19
324	341	3	23.29
110	627	9	48.83
104	1005	11	62.31
122	534	3	12.66
181	129	3	4.51
103	5355	3	22.6
132	144	5	6.21
57	216	4	12.01
109	812	5	22.36
319	102	7	10.9
8	232	4	12.54
352	228	8	69.92
101	2028	5	22.68
103	639	9	35.08
209	12	10	6.13
806	14	8	19.57
125	153	12	34.81
102	171	24	37.7
101	1772	4	12.8
139	114	13	13.84
276	144	5	23.11
581	111	5	20.95
1390	104	3	10.4
8	2838	3	27.96
257	142	5	21.73
104	1946	3	12.57
130	2269	4	35.88
116	1277	3	16.28
105	460	3	4.41
1047	102	3	7.61
101	2193	5	22.68
122	120	36	98.3
314	113	3	5.33
305	103	14	38.89
102	1487	3	10.55
134	171	6	15.6
101	929	4	6.93
103	1867	7	46.77
703	14	6	9.57
110	2168	3	18.12
1054	117	3	15.1
2096	14	3	8.14
117	168	9	17.81
147	139	4	4.96
1	7	3	9.29
182	117	7	13.79
1165	117	3	15.97
653	101	14	53.18
117	2963	3	23.68
107	938	3	9.91
176	141	42	293.01
113	109	28	10.41
442	127	14	104.59
102	676	4	8.93
110	1143	6	36.25
2546	153	3	29.3
4277	2058	3	61.53
503	157	7	54.11
110	1464	4	22.53
104	1259	3	9.33
101	3810	3	14.11
109	110	42	26.28
985	108	10	66.21
1960	14	3	7.23
1307	14	3	4.79
724	101	6	12.23
113	561	4	15.12
1416	114	3	15.95
106	444	3	4.06
304	146	4	18.18
102	1640	4	17.78
12	898	6	19.04
121	104	57	57.46
1353	105	4	16.98
116	822	5	27.13
2	592	3	15.17
104	348	13	39.68
101	2964	3	11.98
110	333	5	12.55
636	12	5	10.79
147	522	3	16.78
12	2184	3	11.65
103	464	9	28.08
113	229	5	8.74
103	508	5	10.64
162	104	23	30.37
102	596	4	8.1
12	1973	3	10.69
1378	102	9	56.97
940	105	3	8.31
141	128	63	351.74
183	131	4	8.41
233	1096	4	41.11
101	2726	4	19.78
683	12	4	7.27
197	21	6	18.83
7	782	3	19.89
117	223	8	23.69
2702	2015	4	77.92
117	128	15	19.92
101	473	10	21.63
103	1327	4	15.24
127	152	14	44.32
283	109	7	18.07
255	260	3	19.12
1050	109	3	11.88
527	126	3	13.61
101	3033	3	11.98
187	14	18	6.58
172	262	5	28.49
315	131	3	10.23
333	108	3	4.15
109	117	18	4.07
109	228	4	3.88
256	128	5	18.33
177	105	8	4.34
284	131	7	33.81
829	788	4	52.02
128	180	3	4.25
783	232	6	62.18
101	1444	3	6.38
101	1488	6	23.96
118	1079	3	16.2
163	120	5	5.58
184	114	5	5.46
119	101	229	477.02
103	2498	3	14.43
101	3287	4	24.69
245	170	3	12.95
3276	106	3	19.54
174	143	4	9.46
1563	14	4	10.22
3210	1139	4	75.73
101	623	17	70.32
101	675	8	19.64
203	143	7	28.23
148	130	4	4.11
85	103	6	5.24
104	2321	4	23.03
1596	14	4	10.22
198	120	4	6.16
1844	104	3	12.57
216	114	6	10.95
627	109	9	47.16
110	828	4	17.11
116	188	7	13.37
122	350	3	9.3
188	142	13	64.31
1326	102	4	15.02
160	127	7	15.19
101	2216	4	15.41
104	680	8	30.58
12	187	11	5.41
483	110	4	12.55
613	108	8	38.88
262	106	6	7.77
761	14	4	4.21
145	264	4	16.48
103	1080	6	25.44
108	129	70	216.94
139	113	11	9.08
141	726	3	17.48
232	101	16	16.33
1658	543	4	56.28
2051	2700	5	105
101	1866	4	13.98
1131	107	4	17.82
101	1790	3	7.62
179	991	3	24.56
411	109	4	9.96
235	120	3	5.23
613	151	4	26.8
110	1761	4	24.54
458	14	9	13.48
118	808	5	28.94
1749	14	3	6.48
181	357	3	17.23
116	420	6	25.37
101	2315	3	10.48
104	849	4	11.27
171	193	4	15.64
111	153	10	12.19
1299	114	3	15.36
847	109	3	10.5
120	125	39	122.95
101	947	6	15.25
201	942	6	60.66
101	1098	8	29.32
446	109	3	6.68
107	499	4	10.49
12	127	36	14.73
166	113	17	42.49
12	287	13	26.19
708	111	3	10.59
12	471	34	222.54
107	149	29	58.49
102	1226	3	8.87
2325	1277	3	49.27
101	2572	3	10.48
771	128	4	23.97
2419	189	3	32.79
101	2420	3	10.48
1526	14	5	15.44
110	813	5	23.28
346	128	3	10.32
241	511	3	24.13
1351	142	8	79.95
5272	102	3	22.43
457	142	35	397.94
128	195	4	8.58
140	156	4	6.35
337	3215	4	63.09
612	106	4	10.2
168	117	23	85.84
101	1401	4	10.93
113	377	7	26.89
149	375	12	91.41
186	324	5	33.63
3017	14	3	10.74
361	12	9	16.73
2083	14	3	8.14
101	336	25	76.16
104	2884	3	16.29
201	228	5	28.84
103	1514	4	16.96
123	309	4	13.5
491	101	7	10.8
110	236	5	8.14
325	260	3	21
102	3210	3	17.98
110	354	4	8.91
127	235	14	75.27
1946	14	3	7.23
892	14	8	21.38
103	1261	3	9.03
106	308	9	21.04
330	228	3	19.46
913	105	3	8.31
106	108	65	25.12
3841	12	3	16.53
153	110	9	8.1
691	121	3	13.67
878	105	3	7.99
101	1146	5	13.46
136	108	12	5.91
1352	14	5	13.24
113	327	7	23.93
103	342	20	77.04
130	386	7	39.92
128	378	5	23.51
108	613	5	19.16
1440	102	3	9.92
164	179	5	18.94
756	102	4	9.91
118	173	5	6.93
1384	106	3	11.41
118	128	11	11.4
318	105	7	13.87
210	131	8	31.21
118	223	4	7.68
303	139	4	16.5
691	107	4	13.22
101	1327	4	10.16
136	118	18	39.12
190	165	4	14.44
456	102	6	13.26
12	807	12	55.77
532	113	3	9.26
137	151	5	8.38
191	135	3	5.75
155	104	12	4.14
101	568	5	6.17
106	179	14	19.05
113	1472	6	42.3
104	2953	4	25.62
101	464	16	50.14
1916	14	3	7.23
104	313	14	41.15
719	12	4	7.56
12	2196	4	18.58
111	1036	5	27.5
117	387	3	8.51
105	804	5	17.49
110	285	26	144.61
187	139	3	5.89
101	3056	3	11.98
2680	12	4	23.02
171	972	4	34.06
1048	105	3	9.01
149	451	10	78.67
144	260	5	22.27
543	102	11	42.9
673	101	9	24.39
5242	102	3	22.43
2140	756	7	126.49
130	214	4	10.39
150	180	3	6.98
1653	130	7	70
284	110	3	3.93
194	14	47	90.74
410	103	6	11.69
158	189	7	31.46
101	1925	4	13.98
103	795	6	20.79
750	202	3	24.27
209	143	8	35.48
252	447	4	34.09
103	675	3	5.29
619	14	11	28.56
112	159	11	16.92
57	241	9	46.53
104	1739	3	11.74
1027	102	6	24.18
428	118	3	9.9
211	114	23	99.41
105	1435	5	25.02
302	222	28	313.85
110	791	8	45.98
181	114	6	7.63
253	107	8	17.19
238	129	4	12.26
265	113	3	4.22
3012	106	3	17.34
1975	12	3	10.69
2808	119	4	36.47
104	2547	5	32.86
3560	14	3	12.85
101	976	3	3.98
393	14	9	10.22
120	103	65	67.69
249	112	4	6.68
166	283	3	13.65
122	197	3	4.09
1979	102	3	12.09
2086	113	4	28.73
4943	109	3	27.03
122	133	10	14.21
104	715	3	5.78
2206	102	3	13.06
712	118	4	20.04
105	347	13	43.86
104	2037	6	40.18
1061	127	5	36.69
206	144	3	7.42
101	3517	4	24.69
118	622	3	12.51
123	1633	3	21.02
1031	12	4	10.7
103	1049	4	12.71
101	1736	3	7.62
649	108	4	13.81
2716	14	3	10.74
1843	14	4	12.35
1105	12	3	6.7
791	14	4	4.51
102	3087	5	37.39
2540	14	3	9.27
206	103	9	6.55
232	126	3	6.6
103	2231	3	13.23
8	430	3	13.31
101	1621	5	18.88
927	102	4	11.51
142	125	7	9.88
120	258	4	10.16
101	1003	8	26.72
111	226	7	14.92
1541	110	3	15.53
109	1837	3	16.56
111	358	3	5.86
309	12	9	13.62
1640	14	4	11.2
345	128	7	35.91
2432	105	3	15.76
101	2525	3	10.48
104	923	7	29.95
107	120	42	48.16
12	510	4	5.18
186	617	4	32.12
102	419	12	40.93
114	848	3	12.08
101	2079	3	9.33
426	104	4	5.84
125	206	13	57.14
338	12	5	3.92
104	1690	5	26.04
236	108	4	4.22
144	166	4	8.23
436	1877	3	39.04
214	119	5	10.65
3842	102	4	29.91
158	174	6	22.63
109	156	19	37.4
118	437	3	10.04
1576	101	3	6.96
1565	102	3	10.55
123	195	4	7.35
152	109	8	4.5
101	299	30	92.41
517	200	7	63.38
154	1961	4	39.19
445	121	3	10.61
104	2701	3	16.29
121	166	9	19.74
354	112	3	5.92
1974	14	4	12.35
864	14	6	12.29
169	118	9	19.66
379	101	9	11.96
104	245	7	7.65
582	453	3	30.82
857	111	9	57.62
190	147	3	7.36
2849	12	3	14.36
162	175	5	17.84
113	161	27	87.88
103	386	8	18.9
103	438	6	12.71
3118	14	5	28.73
397	106	5	9.7
114	516	4	14.39
127	1600	3	21.25
101	2914	3	11.98
123	325	6	25.75
808	102	9	39.2
445	106	3	4.06
103	1582	5	24.05
666	12	3	3.98
1245	14	4	7.98
542	103	3	4.2
121	175	6	11.37
250	228	8	62.21
103	315	12	30.74
2301	108	3	18.46
105	3338	3	19.51
1032	128	3	18.17
104	1185	3	8.87
103	4791	3	22.6
104	1438	4	16.47
221	118	11	41.39
118	141	10	13.04
575	101	5	6.45
210	236	3	15.47
989	117	8	57.67
113	119	18	11.32
124	117	45	135.44
2016	9	4	36.62
294	110	11	40.93
101	474	24	103.52
103	1328	4	15.24
137	230	3	7.89
204	14	18	9.13
1614	106	3	12.04
1127	14	5	11.52
107	995	3	10.26
104	291	6	7.49
1546	102	9	60.85
5228	102	3	22.43
2255	109	3	17.56
1	2	5	15.71
138	446	6	36.7
12	335	29	120.4
134	101	108	188.64
101	1050	7	22.13
1188	102	4	13.64
3416	109	3	22.56
111	157	8	7.76
135	130	5	4.42
101	2267	4	15.41
109	1806	5	32.79
1380	128	6	51.94
479	105	3	4.54
104	681	3	5.56
875	12	5	13.91
132	518	3	14.3
105	1202	5	22.93
2826	119	5	51.83
139	112	11	8.62
285	115	3	4.96
206	124	3	4.62
984	102	6	23.32
102	101	954	2033.26
107	1169	5	24.87
145	136	10	26
142	1511	6	57.93
101	1638	5	18.88
879	102	4	11.07
245	101	10	6.01
161	310	9	62.17
125	199	5	12.43
101	2074	5	22.68
115	412	3	7.55
241	346	7	61.21
163	121	18	62
1219	12	3	7.54
248	106	5	4.45
319	124	3	8.97
345	14	9	7.35
131	103	37	34.25
271	346	3	21.87
146	12	27	17.03
743	14	4	3.94
350	786	3	30.37
1554	110	3	15.53
110	657	11	67.25
779	1637	3	42.41
101	674	6	11.26
101	726	7	16.44
265	225	3	17.44
969	102	7	29.79
594	192	3	22.27
3229	101	3	14.11
697	108	6	26.86
805	14	4	4.51
282	106	7	11.99
101	775	6	12.75
101	639	4	4.42
1774	105	4	19.78
174	12	15	9.25
2284	12	6	36.26
454	105	7	20.78
632	118	3	12.51
104	1796	6	34.55
110	1881	3	17.12
116	1382	4	25.21
1115	107	5	24.05
116	1189	4	22.92
1411	140	3	22.29
639	850	3	35.59
139	254	3	9.32
115	259	4	7.53
1626	14	3	6.48
500	119	6	30.83
1512	14	6	21.48
129	171	4	6.71
797	110	3	10.74
101	894	7	19.33
667	14	9	20.9
1661	14	3	6.48
101	1029	3	4.29
103	1688	3	11.43
101	1097	8	29.32
490	117	3	10.31
2853	119	3	24.39
166	237	3	11.97
103	3469	3	18.15
105	425	17	80.14
127	303	3	9.24
255	104	10	18
785	964	15	269.71
110	2643	3	19.34
365	103	5	6.65
102	3211	3	17.98
104	191	12	12.83
237	110	21	92.24
101	2878	5	30.87
159	422	4	24.5
118	240	3	5.38
2341	14	3	9.27
109	449	4	11.23
444	115	3	8.2
2041	117	3	20.87
716	143	4	26.34
124	201	7	20.99
387	345	5	47.26
104	3698	3	18.48
353	113	3	6.08
105	3291	3	19.51
3968	202	3	41.76
3086	105	3	17.31
101	3845	4	24.69
357	106	5	8.19
909	14	4	5.54
9	131	9	16.14
101	2929	3	11.98
143	245	3	9.84
506	107	4	10.49
348	102	5	5.87
101	3396	3	14.11
57	116	19	37.61
504	222	15	170.09
132	118	11	13.25
266	141	10	56.76
105	1495	5	26.28
132	179	9	31.83
415	101	13	30.37
111	1156	3	13.95
103	811	5	15.37
112	217	6	10.99
217	641	3	24.27
189	21	9	34.17
8	213	4	11.13
101	704	4	4.94
101	628	6	10.4
295	14	15	19.13
192	108	8	11.28
3345	590	3	47.52
107	313	6	12.89
116	284	26	162.17
389	120	3	9.26
324	109	3	4.24
3047	416	3	42.6
101	4336	3	18.52
563	102	14	64.03
7	123	7	11.03
111	214	14	44.8
584	101	5	6.45
142	324	3	11.86
686	106	4	11.11
700	112	4	16.71
945	110	5	25
1665	102	3	11.26
679	102	5	13.33
157	156	3	5.61
227	107	5	4.66
1693	109	6	42.69
144	446	3	15.02
101	1140	10	45.36
141	200	3	6.6
141	130	7	10.61
140	417	3	13.61
616	14	9	19.43
502	14	9	15.32
2492	14	3	9.27
626	105	3	6.02
1129	286	3	31.52
1697	14	3	6.48
2	233	3	7.52
104	277	15	41.51
149	188	3	7.31
2117	102	5	29.11
101	448	16	48.14
106	294	9	20.09
103	1251	7	35.09
103	1116	3	8.15
854	102	8	33.48
186	144	12	58.72
110	3113	3	20.91
452	117	4	15.37
259	112	3	3.9
230	4852	3	43.45
609	235	6	59.15
104	529	3	4.3
2317	12	4	20.44
9	187	4	9.42
256	331	3	21.2
111	1736	4	25.46
83	14	7	4.03
747	105	3	6.9
734	14	5	6.74
242	106	5	4.15
1848	14	5	18.49
140	12	25	8.24
101	3706	3	14.11
1297	101	4	10.16
168	127	4	5.85
307	149	3	12.34
154	765	3	20.24
101	1547	8	39.57
194	129	3	5.19
128	125	10	14.14
196	242	4	22.34
103	320	25	105.65
1120	12	3	6.7
101	1550	5	17.47
1104	12	5	16.47
103	1597	3	10.71
2560	14	3	9.27
101	2979	3	11.98
198	620	3	22.73
424	111	3	7.39
916	102	9	42.78
152	125	8	16.6
101	2768	5	30.87
101	2844	4	19.78
1099	1783	5	81.91
1144	102	8	40.99
101	475	5	4.75
101	535	10	24.05
196	1112	3	26.49
106	311	6	9.86
420	108	6	19.83
101	1193	3	5
103	506	5	10.64
104	3744	3	18.48
190	198	4	18.13
114	456	3	8.3
453	108	4	10.84
303	113	4	8.79
1116	102	6	25.11
221	125	4	9.97
377	107	4	7.55
102	156	30	44.56
145	195	6	22.05
1057	577	6	84.1
108	139	77	283.88
139	168	3	4.26
108	189	6	5.6
101	3536	4	24.69
110	1666	6	43.82
263	2238	4	50.86
534	311	3	26.7
206	119	4	6.35
1211	14	3	4.35
384	103	5	7.61
244	327	11	106.17
1004	14	4	5.94
1492	259	3	32.85
101	2150	3	9.33
12	272	8	8.2
149	624	4	26.32
2673	142	3	28.94
642	102	5	12.94
134	156	7	16.7
120	326	5	17.73
101	1047	3	4.29
264	4640	3	45.28
360	113	3	6.27
107	245	7	12.72
138	263	9	48.51
107	104	167	197.75
105	196	17	33.8
594	121	3	12.73
522	103	3	4.05
291	249	4	28.84
884	14	4	5.17
184	173	3	9.94
248	105	5	4.41
119	110	36	48.83
222	9	3	7.29
731	102	3	5.58
114	832	3	12.08
101	1960	3	8.4
228	109	6	9.55
1890	14	3	7.23
1234	14	3	4.35
122	175	6	12.68
376	149	3	14.04
3633	102	3	17.98
1399	102	4	15.82
12	319	6	5.69
596	142	7	51.9
927	109	3	11.15
103	1721	8	54.06
129	152	6	10.6
161	528	3	18.4
115	118	13	4.11
1777	112	6	45.59
2155	105	3	14.56
139	223	3	7.62
285	14	17	24.55
110	1717	3	16.27
119	360	4	13.36
689	112	4	16.71
105	1473	4	18.72
848	12	3	5.11
2109	119	5	43.48
57	203	8	32.66
57	251	3	9.47
12	1265	3	7.54
1502	102	3	10.55
125	141	16	43.1
2809	102	5	37.39
103	841	6	21.43
372	125	4	16.42
317	192	3	17.1
12	571	4	6.23
967	104	4	12.6
103	1976	4	19.24
749	142	6	45.67
110	2569	3	19.34
110	2621	4	29.21
1118	105	3	9.4
238	128	3	7.35
110	693	13	86.81
253	147	3	10.77
815	12	3	4.85
1102	105	3	9.4
181	189	4	16.74
903	12	4	9.75
121	159	5	5.49
101	3102	3	11.98
116	708	4	18.19
104	407	4	5.4
270	276	5	38.63
123	136	28	95.32
226	113	4	5.22
152	163	4	9.58
152	294	8	49.59
104	1320	4	15.66
965	127	3	17.68
158	114	8	8.73
109	101	365	619.69
128	294	3	9.09
177	120	14	47.76
343	108	3	4.31
2502	14	4	15.57
12	1853	5	24.55
114	277	4	8.05
124	417	3	11.24
1431	14	3	5.27
442	117	3	9.54
101	1115	6	17.69
3537	14	3	12.85
252	727	9	104.41
145	755	6	46.56
103	447	21	105.33
113	295	3	4.9
12	1988	4	17.12
397	105	4	6.2
102	686	5	13.74
800	218	3	25.68
347	111	3	5.68
1986	102	3	12.09
200	125	3	4.93
267	138	9	48.73
4305	909	3	54.87
118	199	8	21.76
171	738	3	21.66
197	144	4	11.6
116	1016	3	14.39
1165	127	3	18.95
117	113	23	18.2
182	127	5	11.25
1464	14	4	9.37
354	14	15	25.37
130	1115	5	37.76
101	490	17	58.16
2209	112	4	28.48
137	103	27	18.03
127	266	5	18.51
105	918	6	25.48
104	247	28	104.68
1402	14	3	5.27
1082	12	4	11.24
197	103	19	34.24
948	101	4	6.93
101	573	8	17.19
137	144	7	13.73
130	4	3	20.63
106	220	7	6.65
101	1342	4	10.16
190	107	19	49.61
849	14	5	7.98
183	12	13	7.98
2557	105	3	15.76
205	351	5	35.95
416	139	3	13.46
1151	103	3	8.57
102	2304	6	44.86
2645	110	4	29.21
5205	14	3	17.23
297	103	5	4.59
277	247	4	28.3
114	231	5	8.86
161	617	4	28.39
251	127	4	12.57
114	120	13	3.95
168	300	3	14.44
143	120	8	9.4
143	181	6	19.96
176	557	4	29.89
103	1551	3	10.71
259	115	8	25.17
116	661	5	24.68
104	456	9	28.49
159	157	4	9.84
491	117	3	10.31
1048	106	3	9.04
547	14	9	16.92
1743	155	3	26.28
104	576	7	22.44
2	481	4	20.77
104	500	19	99.33
148	240	5	22.06
104	2173	3	13.55
101	707	4	4.94
203	117	32	172.4
12	404	23	98.5
1581	106	3	12.04
2069	14	3	8.14
524	106	3	5.16
192	119	9	25.74
104	968	3	7.71
181	174	3	9.67
151	1284	3	23.55
104	1088	3	8.45
1667	667	7	114.83
103	5264	3	22.6
198	146	5	17.12
104	1676	3	11.74
7	1182	3	22.54
101	3319	4	24.69
1600	265	3	33.07
105	1372	4	17.8
108	343	9	30.94
1428	129	3	20.98
163	146	5	12.52
101	1926	3	8.4
125	240	37	282.72
102	375	4	4.13
287	117	6	20.15
101	1775	3	7.62
180	261	3	14.78
469	1434	10	163
725	157	3	20.18
306	119	5	16.82
553	127	4	20.92
1434	102	11	82.27
763	101	14	58.35
3713	102	3	17.98
207	118	4	6.33
101	2248	4	15.41
160	152	5	13.54
110	2145	4	27.3
120	234	4	8.87
101	910	17	97.35
120	161	6	7.93
902	14	4	5.54
973	117	6	38.85
545	127	3	13.92
2741	102	3	15.8
105	104	296	493.42
758	102	6	19.85
522	133	6	38.14
188	421	5	37.85
101	822	6	13.92
103	1896	3	12.25
106	871	4	13
12	491	21	100.61
1922	119	5	41.28
138	161	4	6.66
482	12	4	4.99
101	1991	4	13.98
101	2094	3	9.33
281	249	8	68.85
102	590	3	4.57
114	679	3	10.73
101	3262	4	24.69
1477	102	3	10.55
132	245	3	8.3
132	104	23	9.57
946	118	4	22.53
534	120	3	11.61
150	989	3	21.04
1031	14	5	10.13
101	1786	4	12.8
103	983	7	30.18
235	161	3	11.48
120	105	30	10.59
107	377	4	7.55
12	168	15	6.99
376	103	4	4.29
369	113	8	32.6
131	515	4	21.33
132	1182	7	60.51
135	156	5	9.09
186	582	3	21.79
176	101	39	59.6
12	673	10	37.18
635	1386	9	149.52
3201	1486	4	79.02
101	466	13	34.54
105	1058	4	14.97
574	14	5	4.86
922	12	3	5.67
7	604	11	98.64
101	2873	5	30.87
449	202	4	30.19
929	137	3	18.74
183	112	18	57.28
118	126	8	4.57
318	103	8	14.68
1051	112	7	44.72
103	2832	3	15.97
193	2618	3	33.01
173	188	4	15.62
227	125	4	10.27
136	231	3	7.87
101	1277	5	15.22
246	127	3	7.65
301	113	4	8.69
1503	109	3	14.97
251	114	3	3.91
592	140	3	16.21
128	207	3	5.31
150	182	17	97.1
118	370	4	13.78
104	1229	3	9.33
194	12	17	19.64
438	191	3	19.82
291	621	3	27.33
4401	14	3	17.23
1743	14	3	6.48
1361	105	3	10.81
143	125	7	10.29
293	101	9	7.19
165	129	6	12.82
106	534	5	13.26
350	109	3	4.73
110	270	19	88
109	1368	3	14.32
103	3846	3	18.15
105	647	4	10.45
126	686	4	22.93
2331	12	4	20.44
987	610	3	36.41
107	616	4	12.28
506	21	3	14.21
121	103	51	39.6
343	105	5	7.71
101	1516	5	17.47
1083	121	3	16.65
101	1365	4	10.16
448	249	5	44.8
2597	14	3	9.27
114	264	3	4.24
104	1315	3	9.84
140	129	16	46.02
128	107	19	11.19
231	138	4	12.83
118	267	3	6.23
2485	111	3	20.04
1028	102	4	12.49
290	125	4	13.78
118	138	16	32.32
210	114	4	4.44
2733	108	3	20.03
162	124	9	21.74
101	1314	4	10.16
103	384	40	258.91
2124	106	3	14.59
153	200	3	8.75
841	1002	3	38.34
106	198	9	8.79
8	1632	4	33.92
367	108	8	27.02
127	130	11	19.56
197	149	3	7.71
169	120	11	28.39
169	181	8	39.15
289	144	3	11.32
172	460	3	18.88
305	104	9	18.27
590	169	3	20.04
8	11	5	39.63
107	532	4	10.95
101	850	5	9.78
105	393	8	22.49
105	513	3	4.98
327	108	9	29.75
7	150	7	19.86
219	479	3	22.33
110	885	5	24.39
296	108	4	6.31
356	121	4	13.78
1089	14	4	6.86
1289	135	3	21.2
115	291	3	5.09
103	1032	3	7.77
101	1771	8	43.21
112	151	9	8.68
272	214	5	33.34
101	2025	3	9.33
145	394	10	72.08
338	14	21	47.52
108	572	3	8.03
105	1484	3	12.01
782	576	3	34.58
2659	130	4	37.8
1163	110	3	13.28
109	743	13	85.95
158	677	3	19.77
57	255	4	15.08
151	362	15	121.29
238	117	5	12.24
794	106	3	7.44
131	175	4	7.72
116	315	4	10.35
258	372	4	31.97
110	840	5	23.82
240	141	15	93.21
107	118	87	204.49
331	111	3	5.42
125	1518	3	21.01
661	107	3	7.98
148	152	3	4.18
101	671	4	4.67
108	273	10	30.43
651	103	3	5.08
1265	117	3	16.46
1336	14	4	8.63
129	140	10	20.3
102	239	8	8.73
161	394	4	23.75
772	102	3	5.82
154	555	4	26.81
148	1142	4	32.12
162	669	3	19.99
101	984	6	16
142	165	3	4.47
101	933	5	10.81
160	128	25	116.01
908	240	4	40.09
314	117	6	21.33
122	108	31	37.5
101	2213	4	15.41
131	166	7	17.51
105	262	8	14.08
146	14	63	61.5
159	777	7	61.48
473	200	4	30.54
101	4641	3	18.52
155	2235	6	69.75
116	336	7	26.72
138	326	3	11.21
101	624	5	7.05
101	1957	3	8.4
372	107	3	4.14
121	3170	3	27.05
102	2707	4	24.95
102	1064	3	8
459	131	4	20.39
337	3313	4	63.09
1041	102	8	38.03
109	114	26	7.92
158	300	3	13.5
1152	102	4	13.64
128	120	41	137.72
101	2984	4	19.78
233	2109	3	34.29
152	120	8	12.27
110	3117	3	20.91
1542	14	3	5.83
939	137	5	36.95
101	286	14	20.59
666	14	5	6.03
103	1227	5	20.73
101	420	12	26.64
136	1471	3	21.95
127	153	5	7.25
204	12	14	13.61
512	288	8	86.33
982	127	5	35.2
116	947	3	13.64
2	210	3	6.2
101	2659	5	25.55
197	133	12	54.31
182	113	8	13.8
940	102	3	6.93
141	172	3	4.88
210	158	8	41.28
118	316	4	12.08
126	1625	3	21.88
103	389	10	28.01
1920	134	4	35.07
1045	12	4	10.7
1395	139	3	22.15
186	1319	4	39.47
835	14	6	11.67
537	110	3	8.27
427	249	11	116.7
141	137	5	6.02
118	170	9	20.07
374	14	8	6.66
101	4098	3	18.52
2097	12	3	11.65
2195	102	5	29.11
316	149	6	33.58
124	129	16	34.2
162	144	8	25.65
101	1280	12	74.09
127	113	25	41.81
101	435	9	15.4
106	13	8	11.15
274	101	24	56.33
101	519	5	5.41
289	124	21	142.01
117	334	3	7.19
150	1252	6	55.78
104	193	10	8.36
2	164	8	21.81
264	200	5	31.89
1845	105	4	21.02
101	2676	4	19.78
413	228	4	31.15
101	2880	3	11.98
104	264	8	11.85
110	357	21	120.06
152	134	4	5.3
315	115	3	5.61
259	12	10	12.76
12	2215	4	18.58
769	110	3	10.46
116	623	5	23.85
104	59	4	4.86
330	536	6	63.57
101	188	14	4.53
102	900	3	6.93
214	149	3	8.54
102	1019	3	7.61
113	582	3	9.83
168	114	7	7.93
113	446	12	67.11
101	1458	5	16.27
2191	12	3	11.65
193	894	3	24.78
128	198	4	8.72
526	14	9	16.36
109	200	5	4.43
650	105	3	6.23
297	121	3	7.39
158	143	15	64.87
145	367	3	13.19
174	14	33	28.73
104	3511	3	18.48
125	186	4	7.77
101	1912	3	8.4
112	230	6	12.04
109	629	4	13.91
257	421	6	55.92
104	1658	5	26.04
717	101	5	8.08
219	151	9	47.4
101	2417	4	17.24
671	102	4	8.93
170	109	9	10.28
682	101	4	4.67
101	777	9	27.01
110	2540	3	19.34
192	105	7	4.12
138	119	7	5.27
295	110	6	15.24
2523	1535	3	50.55
1244	14	3	4.35
185	108	6	5.36
103	1770	3	11.43
399	456	3	27.94
826	112	3	11.88
12	128	73	103.15
1149	110	3	13.28
341	246	3	20.99
181	354	3	17.12
122	250	7	26.99
1373	2061	3	48.64
122	151	5	5.13
563	107	4	11.45
101	4333	3	18.52
351	120	3	8.29
178	104	11	8.06
123	1832	5	43.49
139	152	5	8.93
105	1304	3	10.81
104	3254	4	30.58
115	313	4	9.38
101	1657	3	7.62
115	213	4	4.73
945	14	7	17.44
1404	106	3	11.41
3097	14	3	10.74
502	12	4	5.18
850	14	6	11.67
237	14	16	13.77
110	551	14	86.56
413	286	5	45.79
104	275	9	15.87
568	142	5	32.56
1830	101	3	8.4
106	104	83	6.81
103	1173	4	13.86
495	107	10	45.23
104	3143	3	16.29
2591	102	3	14.26
162	151	3	5.27
113	135	16	20.52
136	104	46	69.77
113	192	11	27.6
1467	101	5	16.27
1479	1073	6	100.21
885	14	6	12.29
1162	128	4	28.02
105	1810	3	13.57
756	106	3	7.18
3010	14	4	18.09
140	14	47	16.46
107	1996	4	23.31
1730	102	3	11.26
101	1465	3	6.38
101	1397	9	45.32
430	127	8	48.53
101	201	62	188.96
3119	108	5	44.52
105	786	7	29.72
1195	9	3	20.64
1815	12	3	10.69
103	3739	3	18.15
101	3070	3	11.98
17	103	4	4.66
101	5105	3	18.52
159	228	5	22.92
567	14	5	4.6
203	157	3	9.15
106	855	3	7.72
101	702	15	61.71
103	2091	4	20.72
295	12	6	4.7
646	3132	5	87.92
459	2075	5	75.69
131	149	5	6.92
211	169	3	10.7
359	118	4	13.21
428	104	5	9.2
184	138	3	5.76
103	2589	5	32.32
199	102	8	4.01
941	107	3	9.91
150	600	9	75.54
480	2020	5	76.29
566	139	3	15.64
174	112	6	6.25
101	1718	7	33.87
572	108	3	8.03
110	3416	4	36.8
16	220	9	37.27
108	127	45	96.13
105	1122	5	22.04
241	323	17	180.78
101	2227	4	15.41
278	101	11	10.92
122	144	7	8.93
110	852	7	38.79
3275	102	3	17.98
101	958	13	62.09
185	103	9	4.94
517	1002	6	80.49
3726	14	3	12.85
12	115	175	281.9
826	14	6	11.67
376	119	6	25.77
160	115	6	4.66
2625	14	3	9.27
122	103	28	7
105	2682	3	17.31
142	13	3	9.01
120	133	23	58.36
1317	102	6	28.52
901	101	7	20.19
12	1395	3	8.57
104	2068	5	29.94
368	14	7	4.2
1483	14	4	10.22
163	177	3	8.26
16	59	13	89.08
119	157	5	4.78
1714	105	6	36.6
184	126	6	15.91
245	113	5	10.33
102	557	3	4.22
102	405	5	7.73
125	188	3	4.41
154	101	66	117.68
113	1056	3	13.46
103	708	3	5.5
624	111	3	9.9
138	136	6	8.47
12	584	14	58.64
596	385	5	55.03
110	4457	3	27.6
126	101	143	267.56
101	731	6	12.23
148	138	5	7.99
104	941	6	23.49
288	121	6	22.32
219	103	10	11.41
181	143	18	99.39
2838	9	4	41.17
103	3376	3	18.15
101	4638	3	18.52
104	992	5	18.16
877	362	4	44.27
103	1415	3	10.09
2909	14	3	10.74
666	112	4	16.37
121	230	3	5.04
104	363	4	4.16
9	16	7	8.65
243	118	4	9.3
116	781	4	19.32
270	209	8	60.8
536	341	6	64.19
808	107	3	8.99
168	139	4	7.55
796	12	5	12.88
412	103	7	15.62
101	1500	6	23.96
1104	14	5	10.79
102	862	5	16.16
214	105	8	8.09
266	2391	3	36.96
301	139	3	10.61
162	108	15	24.29
537	12	4	5.57
316	105	5	6.93
101	4112	3	18.52
104	1555	5	24.58
118	152	14	34.42
183	140	3	5.69
102	4506	3	22.43
101	2662	4	17.24
325	109	4	7.56
191	108	6	5.76
709	12	3	4.18
294	14	10	6.65
101	537	17	62.14
101	433	14	36.32
1561	115	5	34.42
204	110	5	5.23
283	105	6	8.69
533	178	9	83.15
1446	101	3	6.38
205	209	5	27.06
687	1376	11	198.97
113	413	3	7.47
103	333	26	114.46
114	21	12	9.55
499	103	4	6.91
144	234	4	14.67
234	191	6	36.97
1953	14	5	18.49
1531	121	3	19.39
121	161	5	5.65
107	799	3	8.99
470	103	4	6.33
110	140	27	53.71
243	109	4	4.9
101	2968	5	30.87
104	352	7	13.27
424	225	3	21.58
110	437	4	11.34
254	104	12	25.02
105	909	6	25.48
117	303	5	15.58
101	556	8	16.65
1024	14	4	6.38
239	110	6	11.93
153	1461	3	24.75
2478	112	4	30.38
406	153	3	15.72
101	1113	6	17.69
113	105	38	7.28
1837	12	3	10.69
102	688	5	13.74
21	58	9	42.56
1573	102	4	16.74
109	492	5	17.02
118	272	6	20.25
210	174	4	17.38
103	1033	6	24.51
115	120	15	7.26
1654	111	5	34.89
101	1760	3	7.62
931	12	4	9.75
108	143	36	89.06
157	130	4	5.4
3866	14	3	12.85
3257	12	3	16.53
910	864	12	203.16
104	2017	3	13.55
244	247	3	18.31
2410	14	3	9.27
963	12	4	10.21
111	171	9	13.69
271	121	8	32.69
101	2129	4	15.41
101	2197	5	22.68
3897	14	3	12.85
7	145	4	6.62
122	124	10	9.88
349	118	3	8.09
1114	101	3	4.63
12	321	10	18.04
101	1000	8	26.72
126	419	4	18.28
496	118	5	23.74
107	125	32	39.3
203	129	4	9.39
175	113	8	12.75
103	1906	3	12.25
1070	519	4	50.71
631	421	4	43.42
594	108	11	60.87
4960	119	3	31.09
2669	9	3	27.9
1801	14	3	6.48
689	110	4	15.58
57	205	39	291.65
211	187	3	12.58
101	3300	3	14.11
1279	101	3	5.86
604	2387	6	104.76
107	1560	3	13.69
174	129	10	34.3
662	135	5	32.86
2661	111	3	20.04
158	703	3	20.02
104	1778	3	11.74
199	178	5	23.49
233	101	14	12.48
103	790	4	10.48
101	1928	4	13.98
1430	14	3	5.27
112	103	187	387.05
116	3101	3	22.94
524	108	7	29.31
138	103	38	44.59
216	142	7	29.51
104	1086	3	8.45
188	536	3	21.18
131	133	6	6.62
225	113	13	44.27
404	118	3	9.38
135	101	93	138.72
360	131	3	11.19
107	594	4	11.99
614	105	3	6.02
115	134	19	30.48
306	121	3	7.63
178	120	6	11.24
1225	102	3	8.87
139	267	3	9.72
8	2669	3	27.96
108	101	177	88.61
157	114	9	11.16
280	104	8	13.2
12	1879	3	10.69
1490	101	4	11.79
206	2549	3	33.49
1816	144	3	25.44
183	14	43	66.04
391	121	5	20.95
150	367	15	121.01
21	62	5	14.93
339	110	3	4.93
182	139	5	13.57
147	117	21	58.28
289	161	11	78.77
434	103	4	5.65
1082	14	5	10.79
1789	103	5	25.5
748	142	4	26.79
127	289	3	8.92
101	503	25	115.95
821	107	3	9.28
101	399	10	16.93
121	151	7	9.35
143	118	6	4.48
2157	1367	3	48.03
664	12	4	7.27
315	14	10	8.04
104	578	4	8.42
964	14	4	5.94
439	106	3	3.94
2135	14	3	8.14
118	477	3	10.8
128	147	7	12.18
976	757	4	53.07
114	118	51	114.91
130	204	3	5.76
4941	344	3	47.37
101	1548	6	23.96
477	133	7	45.06
1869	102	4	19.01
104	1347	3	9.84
110	1515	4	23.47
1942	109	3	16.56
1039	140	3	19.77
370	138	3	12.33
436	2560	6	99.72
187	152	5	17.89
647	494	3	32.21
101	2993	3	11.98
121	275	3	6.82
578	121	5	26.16
361	112	3	6.11
213	122	27	158.44
143	108	14	12.81
3975	202	3	41.76
186	393	5	36.67
127	168	4	5.85
201	474	3	21.13
988	14	4	5.94
220	104	8	7.15
814	127	3	16.33
759	133	3	17.01
169	146	3	5.33
110	552	3	8.45
2	162	8	20.97
109	1147	4	19.52
110	1260	4	20.94
371	103	4	4.18
751	12	3	4.61
124	139	10	16.68
353	170	3	15.85
101	1211	10	47.98
113	191	9	19.13
190	180	5	23.19
530	106	6	18.08
103	355	10	24.96
5152	14	3	17.23
1652	14	3	6.48
16	124	7	5.44
101	3502	3	14.11
157	112	23	64.29
1534	14	3	5.83
101	1719	3	7.62
252	142	15	98.41
761	252	3	27.35
129	282	3	9.14
235	125	3	6.89
873	127	4	25.12
317	1180	3	32.23
104	2562	4	23.03
120	231	5	12.41
269	125	3	8.06
1543	111	3	16.21
134	321	4	16.71
116	535	4	15.81
1122	106	3	9.86
693	14	8	17.27
1354	121	5	36.35
936	12	3	5.67
104	889	10	50.58
170	103	27	47.49
166	2645	4	43.87
175	199	3	10.87
106	1057	3	9.43
496	151	3	16.84
580	104	4	8.42
107	258	4	4.21
102	4	4	15.02
106	1767	4	19.82
103	812	3	6.22
261	120	3	6.21
1233	102	3	8.87
3225	102	3	17.98
328	101	21	54.13
272	114	4	7.71
114	738	3	11.23
1802	14	3	6.48
101	3247	3	14.11
2509	14	3	9.27
302	157	3	13.4
189	121	7	17.33
235	594	5	47.22
1466	14	4	9.37
112	340	3	5.66
3270	1824	4	81.39
103	709	5	14
125	266	11	57.41
104	1633	3	11.74
170	144	5	13.11
101	2408	3	10.48
107	103	159	163.27
496	108	7	28.4
1437	14	3	5.27
949	126	5	34.34
134	157	5	9.26
1371	147	3	23.7
101	986	5	11.39
111	101	299	512.25
271	107	9	22.66
1326	107	3	12.47
548	16	5	28.7
225	199	3	13.82
101	4382	3	18.52
207	149	4	12.78
258	113	4	7.27
314	127	5	20.76
116	448	5	20.03
291	395	4	34.26
151	163	3	5.46
112	518	3	8.9
145	198	5	16.82
303	110	4	7.57
101	3945	4	24.69
172	1137	3	25.09
103	399	19	82.13
190	195	3	11.8
102	658	5	13.33
114	397	7	28.11
453	107	3	5.7
153	141	13	47.8
191	109	5	3.92
3570	127	3	28.92
127	214	6	18.91
12	705	5	11.56
2	150	31	149.1
101	4756	3	18.52
2291	9	3	26.32
105	887	5	18.57
117	117	15	9.11
104	362	8	17.62
104	427	4	5.84
123	147	8	13.3
2547	102	3	14.26
106	462	4	7.87
101	284	34	111.66
143	209	3	7.7
215	971	7	76.36
286	111	3	4.53
144	118	29	99.6
678	103	3	5.29
150	147	7	18.84
783	124	10	80
103	1345	4	15.24
103	1142	5	19.85
155	151	3	4.83
137	104	36	41.25
552	1005	3	35.54
485	103	7	19.03
344	130	7	36.9
101	2848	3	11.98
101	4883	3	18.52
886	14	4	5.17
303	117	8	32.32
117	1427	3	17.59
273	156	3	12.45
162	118	5	5.15
260	109	4	5.51
481	113	4	13.89
592	114	5	21.96
520	101	6	8.27
101	1578	5	17.47
648	102	3	4.94
307	118	3	7.22
104	1254	4	14.93
158	285	4	19.85
59	103	4	4.53
1006	14	4	5.94
110	189	32	135.33
9	14	102	133
104	486	8	24.73
413	389	4	38.16
110	268	21	101.37
152	105	13	7.01
133	332	5	23.14
4104	3227	3	66.59
131	120	7	4.21
238	127	6	22.3
104	1070	4	13.67
216	169	5	23.17
110	842	4	17.11
1662	14	3	6.48
107	292	5	8.4
1154	112	5	29.4
661	105	3	6.44
101	745	15	63.65
101	661	8	19.64
102	358	6	9.13
300	12	7	7.3
125	317	8	40.49
1792	110	3	16.27
174	130	3	4.14
426	108	6	19.83
1491	14	6	21.48
2257	102	3	13.06
3374	102	3	17.98
119	114	20	15.36
184	101	19	12.21
57	154	5	9.81
101	5397	3	18.52
333	680	3	28.83
791	111	4	17.59
128	1057	5	36.86
918	102	4	11.51
110	1714	3	16.27
104	2018	4	21.15
102	226	8	6.61
352	474	6	63.08
1146	12	4	11.82
129	153	4	4.84
103	1034	7	31.24
252	286	10	92.07
103	883	4	11.28
460	14	6	5.28
145	207	3	7.52
149	808	8	69.98
101	864	4	6.54
465	139	3	14.37
703	155	9	81.63
101	916	15	76.68
429	14	8	9.02
101	999	12	53.96
147	703	3	18.57
116	401	3	8.08
101	2198	3	9.33
109	1773	3	15.71
101	1016	8	27.96
12	238	70	372.27
116	490	3	9.63
753	105	4	11.77
104	831	14	82.9
111	334	5	13.59
285	143	4	17.09
104	1982	6	36.96
101	3453	3	14.11
116	1115	3	14.8
383	105	9	26.67
437	119	3	10.06
157	115	49	218.4
1145	1186	3	41.99
218	101	30	57.31
116	4125	3	29.64
145	107	76	283.22
129	158	4	5.26
129	113	23	37.8
103	731	6	19.6
607	109	3	8.52
101	2032	5	22.68
1252	127	4	28.58
211	221	5	29.13
108	417	3	5.89
480	2066	6	96.05
173	2380	4	45.32
1699	14	4	11.2
4827	484	3	50.61
545	117	9	54.13
104	1009	6	24.28
208	836	3	25.17
105	159	18	20.77
135	344	7	38.24
101	708	4	4.94
2090	102	4	20.49
407	884	3	32.48
8	1540	3	22.51
240	113	4	6.47
16	1617	4	31.29
130	3890	3	29.57
101	2948	4	19.78
110	174	39	163.5
733	142	3	17.96
104	501	4	7.28
213	105	7	5.77
186	191	10	62.42
1097	14	4	6.86
133	186	10	40.14
1514	112	4	24.63
165	139	9	29.05
103	1448	4	16.05
124	387	3	10.6
387	115	5	16.82
2058	14	3	8.14
103	228	12	18.66
103	186	19	31.79
335	108	8	25.09
104	1167	3	8.87
318	109	3	4.17
210	140	13	67.69
1072	104	3	8.45
716	129	3	15.88
828	102	8	33.48
103	2842	3	15.97
114	427	4	12.5
103	433	9	26.16
113	213	29	140.04
1280	14	5	13.24
204	131	6	19.1
311	105	5	6.68
12	608	4	6.47
12	659	3	3.98
106	175	9	5.83
435	112	6	23.46
137	147	4	4.84
1250	14	3	4.35
104	2941	3	16.29
308	111	4	8.46
103	1052	5	18.31
101	1735	4	12.8
1460	102	5	22.52
129	298	4	14.79
102	337	31	150.28
101	3638	3	14.11
402	112	3	7.06
232	139	3	8.09
139	131	9	17.07
911	14	6	12.95
135	110	37	89.12
105	549	5	13.53
105	413	4	6.64
120	245	3	5.69
101	1017	11	48.51
1825	102	4	19.01
775	102	11	52.3
12	298	8	9.81
101	719	5	8.08
263	2005	3	35.72
104	2357	5	32.86
229	104	10	13.57
641	102	4	8.64
121	769	3	14.21
652	101	4	4.42
110	792	10	63.21
1220	14	3	4.35
116	299	3	5.76
981	14	8	23.5
103	2470	3	14.43
108	404	4	9.42
398	107	7	21.86
8	132	11	23.95
102	589	4	8.1
205	243	3	15.33
582	111	4	14.92
702	1363	3	39.51
144	311	4	18.02
103	286	7	9.7
2402	14	3	9.27
149	506	5	32.84
715	105	8	33.97
133	126	6	5.44
589	14	7	11.17
1838	4029	3	60.5
105	803	4	12.14
110	114	49	60
110	183	78	479.33
325	265	8	73.34
390	146	4	21.09
147	127	12	31.84
101	2798	3	11.98
110	476	10	50.03
308	101	9	7.92
521	118	4	17.65
840	14	5	7.98
660	108	5	19.97
155	103	33	55.5
103	1188	3	8.57
2405	108	3	18.46
142	697	4	26.04
215	2008	3	32.94
2745	2078	4	77.92
114	368	4	10.74
227	124	5	14.1
101	1227	3	5.41
710	110	11	68.42
101	1159	7	24.46
329	200	3	17.77
150	430	4	22.85
150	365	3	13.87
339	101	14	25.55
267	114	3	4.3
4237	104	3	22.93
246	138	3	9.06
136	133	7	10.55
103	587	3	4.53
113	307	5	13.14
2223	102	3	13.06
200	121	12	44.08
1015	12	3	6.33
118	334	4	12.56
118	266	3	6.17
344	189	3	17.5
110	583	5	19.83
159	389	10	78.19
117	170	6	8.18
105	903	4	13.41
105	1022	4	14.41
117	242	4	8.5
354	111	4	9.72
104	2652	6	45.87
2818	146	3	29.58
138	650	3	16.52
713	119	4	20.06
527	14	7	9.51
123	198	7	20.05
164	500	4	26.96
194	143	3	6.94
141	344	3	11.78
947	121	6	40.31
1236	115	3	15.03
130	101	126	235.74
101	1433	4	10.93
1556	109	5	31.31
251	129	3	8.19
214	120	4	7.12
1150	109	3	12.73
106	3447	3	19.54
184	111	5	4.98
109	742	8	42.72
291	263	6	49.54
151	363	20	175.8
12	1157	3	7.1
161	191	9	45.84
103	845	3	6.49
4663	14	3	17.23
174	189	4	15.83
209	14	22	19.06
1366	12	4	13.18
138	324	7	38.05
175	168	3	8.53
469	500	3	29.98
101	746	12	43.28
203	139	4	10.78
85	122	4	11.31
718	101	4	4.94
1118	109	3	12.29
135	204	3	6.25
103	3512	3	18.15
104	753	13	70.05
122	118	11	8.39
938	14	6	12.95
1515	12	3	9.18
156	348	6	37.18
114	1659	3	17.35
103	1869	4	19.24
703	12	4	7.56
635	637	5	62.46
972	14	5	9.52
555	12	4	6
101	1770	5	18.88
115	175	6	7.22
700	137	7	52.56
145	147	16	64.73
108	152	8	4.01
157	140	5	10.02
409	102	5	7.92
534	133	3	14.69
1796	102	6	33.55
16	151	4	3.98
802	102	6	20.46
107	308	7	16.62
138	196	3	6.26
107	108	98	128.74
175	223	6	32.78
131	104	21	6.55
135	450	3	13.87
146	167	4	9.01
109	2063	4	26.55
389	341	3	24.96
910	2076	5	83.73
373	101	7	6.33
757	102	7	25.54
248	109	6	11.74
57	190	8	31.05
101	3285	3	14.11
112	196	7	12.02
372	159	3	15.31
115	105	41	11.84
2113	14	3	8.14
115	166	16	39.34
601	157	3	18.95
109	4321	3	27.03
125	375	3	10.74
108	272	4	5.56
819	142	3	18.53
368	113	7	26.34
111	156	15	28.74
768	113	3	11.47
105	381	14	54.58
104	722	3	6.01
107	353	4	6.79
138	377	3	12.44
490	130	4	20.76
101	1051	6	16.81
101	880	10	36.3
739	103	3	5.73
360	12	5	4.52
449	302	4	36.27
573	880	3	35.23
101	2728	4	19.78
831	108	16	122.65
2	145	6	9.11
546	14	11	25.2
1199	114	3	14.83
101	1233	6	19.75
113	231	11	35.17
190	136	10	41.85
136	149	6	11.15
101	1189	6	18.67
173	101	49	90.46
1087	157	3	22.96
3868	14	4	22.98
141	126	5	4.17
247	148	4	16.39
1496	14	6	21.48
101	3679	4	24.69
930	130	3	17.94
104	1134	5	20.37
762	117	17	148.89
818	14	4	4.51
104	1305	4	15.66
150	207	54	478.53
2048	12	3	11.65
101	1382	4	10.93
103	256	6	5.43
106	1217	3	10.33
103	142	22	12.7
1290	102	5	21.42
431	303	3	24.98
102	1063	3	8
110	3118	3	20.91
106	575	3	5.67
165	113	6	4.9
106	499	3	4.85
954	102	3	6.93
110	153	19	39.67
105	637	10	45.87
123	148	6	7.34
117	472	7	35.82
213	121	3	4.21
430	117	11	63.58
361	14	14	22.81
133	170	7	19.32
727	14	4	3.94
643	108	3	8.65
123	107	146	560.75
152	133	4	5.11
259	169	4	19.96
110	158	28	82.19
403	146	3	14.33
101	5171	3	18.52
128	133	12	24.64
128	197	6	17.39
215	4195	3	42.5
242	102	6	4.39
853	134	4	26.22
114	244	13	50.58
101	1535	4	11.79
101	1459	6	22.35
12	1954	3	10.69
153	157	14	65.94
102	720	3	5.58
101	1144	6	18.67
113	134	13	12.53
101	1279	6	20.97
103	344	7	12.2
247	107	4	3.88
1000	102	5	17.37
140	356	7	40.13
117	138	10	10.82
365	104	4	4.27
2503	109	4	28.45
101	2675	5	30.87
400	108	3	5.54
149	200	3	7.89
116	422	3	8.59
788	12	4	8.56
1160	109	6	35.13
341	165	4	22.42
269	118	9	37.37
12	289	17	43.08
1323	421	3	35.98
235	118	4	8.8
797	113	6	32.5
1125	9	3	20.14
402	115	4	12.06
458	12	4	4.48
241	147	10	58.29
1140	14	3	3.97
108	117	76	166
222	119	5	11.55
184	131	3	5.06
248	62	3	15.88
105	1491	4	18.72
108	360	4	8.14
199	234	6	37.66
101	2124	4	15.41
317	109	5	11.14
154	204	9	46.05
112	179	9	16.5
1092	104	6	26.08
681	942	3	36.53
408	101	13	29.15
107	151	16	18.21
216	131	3	6.48
101	2418	3	10.48
1053	110	4	19.05
309	139	3	10.87
1350	109	5	28.92
347	102	18	64.72
1457	102	4	15.82
1814	2007	7	147.98
105	1667	9	71.93
113	110	35	25.87
162	128	4	5.19
149	1509	3	24.46
153	275	8	48.89
137	110	10	4.68
877	14	4	5.17
12	716	4	7.56
102	2069	4	20.49
127	196	7	22.09
12	768	3	4.61
237	132	4	12.67
116	904	4	20.66
110	528	3	8.27
106	2933	3	17.34
111	787	3	11.4
254	156	4	18.12
117	104	31	3.92
117	296	3	6.31
160	669	3	19.92
117	245	3	5.02
123	376	3	10.03
131	796	3	17.02
259	135	4	14.35
626	374	3	29.45
103	1403	6	30.29
101	1572	8	39.57
335	215	3	18.67
103	191	12	11.89
130	297	6	27.47
1186	14	3	3.97
12	1844	5	24.55
164	399	3	16.57
104	1176	5	20.37
498	102	22	121.02
128	303	4	14.64
1725	102	5	25.21
153	1039	3	22.22
604	2530	6	104.76
1074	102	8	39.43
103	696	9	36.77
1014	2046	6	106.95
101	1870	6	28.23
125	149	10	22.8
209	102	8	5.06
163	112	6	4.49
241	472	4	34.15
443	108	8	31.97
101	3295	4	24.69
57	211	7	28
668	14	11	30.53
57	145	10	27.28
101	2599	3	10.48
116	259	7	21.79
219	115	6	11.87
138	206	4	10.76
1043	102	3	7.61
107	225	9	16.57
310	113	4	9
101	751	5	8.87
2028	350	3	38.02
166	133	4	6.48
12	144	36	34.25
305	101	17	33.26
101	922	4	6.93
101	854	5	9.78
223	120	10	36.46
185	129	7	21.74
120	316	3	7.58
1362	299	3	32.74
548	108	7	29.79
404	139	8	51.11
110	1040	12	92.56
104	597	4	8.67
171	242	3	13.04
130	3414	3	29.57
7	205	9	44.14
116	563	4	16.34
276	143	5	22.94
3365	12	3	16.53
104	1945	3	12.57
972	102	3	7.26
112	573	3	9.65
110	3657	4	36.8
196	991	4	36.8
995	125	3	17.44
1187	142	10	102.32
402	109	4	9.8
178	127	9	29.33
123	1635	5	41.72
108	107	56	29.91
139	133	5	5.23
1389	249	8	106.81
1084	115	3	14.1
101	1074	6	17.69
120	170	11	28.92
207	127	28	170.79
109	1846	3	16.56
122	129	7	5.35
105	494	7	22.37
160	144	8	25.49
111	530	3	8.91
131	138	6	7.45
105	101	715	1459.6
3261	2754	4	87.48
101	714	8	20.33
101	646	19	87.7
148	159	3	4.8
101	818	4	5.83
1358	103	3	9.53
524	14	5	4.13
317	283	3	21.64
189	143	3	6.72
1385	152	5	47.05
124	457	5	25.14
144	141	7	14.33
251	118	5	14.25
786	494	3	33.58
104	1225	3	9.33
297	110	4	7.38
526	124	4	19.68
2933	14	3	10.74
1882	716	3	42.42
110	1450	5	30.97
104	463	6	14.44
677	112	4	16.37
101	3126	3	11.98
439	12	6	9.96
121	214	5	11.29
143	174	3	5.61
293	104	8	13.76
213	111	4	4.14
186	332	16	149.98
417	158	4	24.25
1514	102	6	31.6
103	1438	3	10.09
101	312	26	75.81
176	104	9	3.99
127	118	16	25.38
12	669	4	7.27
117	213	4	6.24
117	147	8	9.1
220	117	6	14.4
2132	14	4	13.77
698	12	3	4.18
237	119	3	5.24
308	105	9	20.96
943	14	8	22.4
669	12	17	88.02
587	981	4	50.67
588	137	3	15.74
1894	14	4	12.35
124	250	3	7.11
153	179	4	12.22
113	252	4	7.04
113	319	3	5.49
550	129	4	21.44
104	522	4	7.7
106	4763	3	24
119	2100	6	56.48
104	386	11	34.08
12	1054	9	41.42
250	132	5	18.98
107	826	4	14.72
361	102	7	12.72
186	204	3	12.04
120	984	3	15.52
101	263	16	23.68
106	487	4	8.27
727	102	3	5.58
102	971	6	23.32
335	16	4	15.61
150	235	35	302.13
109	196	7	9.33
357	112	5	14.68
194	175	3	10.69
242	14	17	17.5
101	3767	3	14.11
118	105	27	6.41
247	110	4	5.74
391	12	5	5.52
164	186	3	9.07
979	105	3	8.65
110	1119	6	35.21
1207	14	3	4.35
107	1774	3	14.43
12	618	4	6.72
107	1082	4	17.2
784	107	3	8.99
532	120	4	17.81
103	1107	4	13.26
274	104	5	4.22
579	206	3	22.56
239	135	3	8.41
625	102	4	8.36
147	166	4	8.87
1499	124	3	20.5
105	983	5	19.8
899	202	5	48.42
104	336	6	9.25
120	126	12	13.67
1530	14	3	5.83
101	1027	4	7.82
12	177	55	164.62
12	124	44	21.64
3906	14	3	12.85
101	4285	3	18.52
122	206	14	59.74
178	101	21	13.5
1005	120	3	15.52
347	694	3	29.41
139	149	5	8.06
108	120	20	8.03
145	221	3	8.53
115	143	15	23.52
103	923	3	7.08
3027	12	3	14.36
2418	14	3	9.27
112	358	5	14.68
129	177	5	11.45
306	12	8	10.36
16	2767	3	26.81
101	2051	3	9.33
102	459	4	6.15
3608	105	3	19.51
189	137	3	5.85
211	107	30	117.88
928	102	4	11.51
242	598	4	36.37
103	3159	4	25.18
253	114	4	7.14
123	660	3	14.27
104	2315	3	14.75
567	108	9	44
355	119	3	8.29
295	106	5	6.16
792	14	4	4.51
138	115	18	29.16
12	426	4	3.88
105	187	14	21.37
3702	14	3	12.85
2713	14	3	10.74
151	1174	3	22.5
116	193	8	17.82
116	264	4	8.59
101	4569	3	18.52
138	199	3	6.33
107	113	77	111.27
144	794	3	18.86
1018	107	4	16.63
2551	146	3	28
2207	102	3	13.06
823	141	5	36.25
261	138	3	9.57
228	101	11	5.3
125	133	32	121.1
209	220	8	54.04
252	350	4	30.94
443	119	7	35.85
464	228	4	32.6
109	684	3	9.18
1247	126	3	19.33
211	148	10	51.64
776	105	5	17
119	103	57	47.16
184	182	3	10.69
931	121	4	23.13
332	153	4	20.85
276	137	5	21.31
291	509	4	36.98
285	121	3	7.17
178	143	6	19.54
514	14	12	28.13
12	1540	4	14.87
483	109	5	17.02
924	142	9	82.22
101	1644	7	33.87
490	132	5	28.53
101	980	6	16
120	138	27	81.32
2084	102	3	13.06
101	937	7	20.19
111	159	13	22.93
160	177	4	12.77
492	105	3	4.68
908	103	3	7.08
620	14	7	11.64
160	124	10	25.85
1738	14	3	6.48
271	12	7	5.83
104	727	4	10.17
258	103	7	7.91
4084	1139	3	56.54
101	2261	3	9.33
1847	2465	4	73.75
451	122	4	17.82
101	468	23	94.27
294	108	5	9.78
103	1334	4	15.24
283	110	10	34.46
1091	14	5	10.79
512	124	3	12.63
12	695	4	7.56
169	236	5	25.59
101	2655	3	10.48
150	1265	4	33.1
147	146	17	71.9
113	3097	4	33.26
4249	937	3	54.87
267	151	4	17.71
104	1564	4	17.38
200	111	14	41.56
183	132	3	4.93
705	101	6	11.73
575	102	4	7.84
113	285	3	4.77
113	186	7	11.52
1137	14	3	3.97
112	1096	11	87.19
105	3513	3	19.51
101	1439	5	16.27
335	139	6	31.12
1771	130	4	33.09
214	110	7	12.11
1827	143	4	36.79
925	14	4	5.54
150	3119	3	30.1
194	135	3	5.88
205	140	34	242.28
421	341	3	25.78
9	278	3	9.73
110	209	39	198
1396	101	3	6.38
104	473	4	6.88
105	640	4	10.45
117	423	3	9.26
1256	14	4	7.98
321	105	5	7.18
954	14	5	8.97
132	273	3	9.14
689	121	4	20.64
884	105	3	7.99
125	192	5	12.03
1340	111	5	31
154	104	31	51.42
145	376	4	20.34
275	109	6	13.23
101	683	6	11.26
103	2104	3	13.23
126	104	60	92.77
198	128	3	5.08
414	124	4	17.27
111	413	3	7.13
627	12	4	6.72
1211	105	3	10.3
991	14	5	9.52
135	262	7	33.35
104	732	12	60.41
101	2156	5	22.68
349	158	3	14.61
12	132	46	40.38
12	195	10	4.54
101	1041	6	16.81
2379	111	3	20.04
984	111	4	19.42
901	104	6	23.49
12	1467	9	52.61
287	209	9	72.67
115	156	11	17.21
103	968	4	12.2
460	125	3	12.62
101	1707	5	18.88
139	105	16	5.64
409	115	3	7.55
356	12	8	12.95
139	166	10	34.28
109	1053	6	33.13
2068	2035	6	122.38
422	121	10	59.44
101	1302	4	10.16
154	1058	3	22.72
1632	9	5	45.38
5237	14	3	17.23
442	108	10	44.79
906	115	7	43.61
5041	108	3	26.71
588	111	4	14.92
101	3997	3	18.52
118	149	35	140.76
105	1651	3	12.73
197	138	4	10.38
101	2718	5	30.87
117	231	4	7.43
220	256	3	17.03
289	199	3	16.67
957	107	3	10.26
117	120	18	18.52
670	111	6	29.4
101	533	5	5.65
137	171	5	11.78
106	257	5	4.84
104	2980	4	25.62
840	21	3	17.51
12	632	18	92.05
1912	200	3	31.1
12	1092	3	6.7
121	226	3	4.78
104	432	19	89.69
103	3782	3	18.15
937	102	4	11.51
101	5092	3	18.52
424	109	4	10.47
105	839	4	12.54
692	104	3	5.78
2071	142	7	83.29
177	113	12	28.27
205	270	3	16.28
102	4255	3	22.43
101	1556	5	17.47
102	918	3	6.93
817	14	5	7.53
1799	14	3	6.48
141	581	3	16.04
357	14	13	19.01
104	1141	4	14.27
387	109	3	5.59
144	129	10	22.78
168	125	4	5.61
143	158	5	11.25
1328	102	4	15.02
143	113	14	19.54
1034	1510	3	43.43
105	730	7	28.26
105	610	5	14.89
101	3142	3	11.98
1432	14	4	9.37
150	1179	7	66.62
147	306	3	12.26
723	110	3	10.19
1566	14	5	15.44
102	2034	3	13.06
476	109	3	7.11
101	380	11	18.87
106	101	201	36.9
988	102	4	11.98
3350	2763	4	87.48
116	2325	3	21.37
1192	102	5	19.57
227	113	10	29.13
102	754	3	5.82
1493	1276	4	63.75
150	553	3	17.23
598	14	10	23.05
374	108	5	12.88
196	972	3	25.66
180	139	9	34.33
129	180	3	4.48
1375	107	3	13.05
658	102	14	70.94
383	172	4	25.25
110	1007	3	12.04
369	125	3	10.62
171	201	3	10.45
693	102	4	9.24
278	104	10	19.96
104	781	3	6.51
111	260	9	28.67
12	2975	3	14.36
1505	102	3	10.55
936	104	4	12.13
120	186	4	5.65
541	112	5	20.55
667	106	3	6.47
103	1681	3	11.43
4760	14	3	17.23
202	9	4	10.28
5341	12	3	20.97
166	105	19	26.13
2176	155	4	40.75
12	279	7	6.33
229	117	5	11.14
1266	14	3	4.35
106	1062	4	15.01
133	606	5	31.24
101	630	5	7.05
192	110	14	36.88
820	130	13	119.98
104	1095	7	33.15
109	2050	5	36.73
461	101	6	7.14
104	884	5	16.94
600	127	3	14.54
131	152	5	7.77
2544	102	4	22.37
102	4085	3	22.43
211	165	6	28.7
101	2054	6	31.39
1057	302	5	58.26
113	1031	3	13.46
101	1903	5	20.56
125	122	18	37.07
1893	14	4	12.35
423	120	3	10.02
110	935	4	18.02
101	2174	3	9.33
105	555	5	13.85
732	102	5	14.17
135	104	22	9.81
106	729	3	6.93
883	14	4	5.17
12	308	12	23.97
107	438	3	5.31
12	161	29	34.14
2400	121	3	23.25
12	108	129	77.33
852	14	6	11.67
101	1677	4	12.8
195	175	3	10.73
129	108	13	5.25
105	3991	3	23.97
101	3576	3	14.11
291	478	3	25.52
890	111	3	12.02
104	1927	5	27.77
1447	102	3	9.92
118	615	3	12.51
108	104	166	238.62
151	385	5	29.81
101	3373	3	14.11
103	2412	3	14.43
57	162	9	28.7
233	104	6	4.25
1304	110	3	14.29
607	112	3	9.86
101	1932	5	20.56
482	106	3	4.71
140	2520	3	26.84
101	2103	3	9.33
115	449	3	8.49
529	200	5	41.84
767	12	3	4.61
126	262	6	24.13
282	288	6	50.63
101	757	4	5.51
107	139	15	8.97
101	2505	4	17.24
104	1014	6	25.15
105	156	26	43.12
176	483	11	103.7
127	545	3	13.92
143	225	3	8.51
121	321	4	12.88
101	208	18	14.93
3344	102	4	29.91
226	247	15	135.91
104	506	10	36.33
677	14	6	9.13
205	304	3	17.24
2825	14	3	10.74
104	1341	5	22.23
2381	111	3	20.04
280	101	26	68.35
113	256	3	4.05
101	1217	5	14.29
208	1344	3	28.57
3235	106	3	19.54
104	320	20	76.14
101	2808	3	11.98
2	184	5	12.76
197	170	7	34.96
110	546	7	31.79
1260	134	6	51.32
127	125	8	8.42
435	109	3	6.41
106	127	26	15.74
101	455	10	20.55
106	287	6	9
201	347	4	26.64
101	2715	5	30.87
169	127	11	35.79
104	113	63	32.54
147	133	5	7.18
254	101	30	77.78
518	2519	4	60.47
1383	2775	3	51.47
4254	4291	3	71.09
125	1738	6	54.94
101	484	9	18.09
102	2008	4	20.49
101	1117	5	12.71
162	115	7	7.01
130	408	7	40.88
103	445	12	42.88
124	103	54	60.7
371	139	5	25.69
1450	14	4	9.37
397	14	18	44.25
252	2577	6	89.91
164	142	3	4.47
716	118	5	27.46
118	133	15	26.26
118	197	7	17.17
947	172	4	33.8
152	1517	5	48.34
520	105	3	4.98
103	329	8	15.13
103	277	12	26.84
362	108	6	16.67
144	157	4	7.47
103	1604	3	10.71
2313	784	6	108.73
615	14	6	8.31
224	264	6	43.35
127	442	6	33.3
121	112	14	5.52
394	108	11	47.68
1940	12	3	10.69
769	192	8	81.54
110	194	33	144.8
1039	102	8	38.03
105	656	4	10.76
192	2	3	5.34
366	142	6	33.95
101	605	5	6.74
594	112	6	28.28
104	997	6	24.28
288	110	6	15.09
923	108	3	10.84
57	150	37	206.11
776	121	3	14.21
4750	14	3	17.23
184	105	11	12.21
704	200	3	23.63
161	332	3	14.49
112	214	8	17.68
142	1246	3	21.67
103	699	3	5.5
209	109	7	10.7
833	102	11	55.17
195	135	8	30.17
104	3152	3	16.29
215	337	21	222.92
139	175	5	12.85
707	12	3	4.18
108	147	10	6.2
108	313	4	6.89
104	1938	3	12.57
285	105	5	5.91
16	57	96	631.18
291	585	5	50.41
1904	14	3	7.23
111	290	3	4.53
131	360	3	11.19
111	217	7	14.32
160	161	3	6.22
351	143	7	41.6
160	108	23	53.96
122	128	17	34.98
104	811	8	33.83
418	101	17	50.62
114	1857	3	18.21
12	325	7	8.43
101	921	9	31.45
12	327	8	11.35
101	1042	8	27.96
103	1729	3	11.43
104	2509	4	23.03
185	215	6	33.49
327	16	8	41.93
271	111	3	4.04
111	104	128	184.15
492	107	3	6.13
105	450	20	108
150	898	4	29.62
1849	102	3	12.09
651	113	4	16.29
139	165	3	3.96
262	14	14	13.14
1934	14	3	7.23
145	131	14	42.28
260	869	5	53.33
1180	14	3	3.97
115	488	3	8.96
199	141	6	20.6
359	129	3	10.8
170	141	3	4.55
238	104	11	18.93
104	868	4	11.69
181	146	14	71.9
149	977	3	20.86
1706	134	3	23.17
3660	12	3	16.53
2118	14	3	8.14
101	2922	3	11.98
713	14	5	6.37
152	126	5	6.68
742	502	13	193.2
505	926	3	34.58
1968	142	4	36.49
102	1626	3	11.26
153	1331	4	34.91
103	248	11	19.54
335	129	3	10.3
307	113	4	8.89
103	208	38	127.11
3240	4276	3	66.59
701	109	3	9.41
158	306	4	20.53
102	4254	3	22.43
318	373	5	45.39
422	682	6	71.86
101	3941	3	14.11
1100	12	3	6.7
2529	14	3	9.27
1420	14	3	5.27
358	117	4	12.35
929	106	3	8.34
180	622	3	21.69
101	1198	5	14.29
951	102	3	6.93
453	111	5	18.18
481	118	3	10.96
101	482	29	147.62
1923	101	3	8.4
3170	248	4	59.66
104	4938	3	22.93
110	391	4	10.16
308	134	4	16.11
970	112	5	27.1
2	205	24	143.5
1065	12	3	6.7
670	110	3	9.7
770	119	3	13.78
255	157	3	12.19
1377	117	5	35.56
149	193	3	7.57
244	4502	3	44.58
156	883	4	30.85
101	529	21	89.53
103	1117	9	47.92
117	197	5	8.37
850	102	5	15.61
237	102	9	11.17
116	940	3	13.64
2018	4249	3	61.53
103	4810	3	22.6
110	1256	5	28.85
109	517	3	7.59
140	548	3	15.59
102	711	3	5.36
113	137	9	4.95
101	1215	9	39.89
101	1290	4	10.16
387	161	4	23.58
251	103	8	10.26
1222	112	3	14.62
983	112	7	43.63
101	1468	3	6.38
105	2009	5	31.65
150	169	7	24.16
205	114	12	34.04
110	1360	4	21.69
104	1291	11	77.28
103	3048	5	37.68
123	169	14	47.7
152	138	14	51.18
105	687	6	21.62
110	243	12	40.07
176	429	3	18.51
3417	14	3	12.85
506	14	6	6.04
630	105	3	6.02
143	112	10	8.55
101	277	26	66.86
643	14	11	29.52
198	139	3	6.3
1145	14	3	3.97
102	4084	3	22.43
101	835	9	29.07
101	631	4	4.19
126	260	3	7.91
708	102	5	13.74
580	101	8	17.19
12	532	5	8.88
176	1041	5	46.91
103	605	3	4.7
1187	478	3	35.89
1836	125	8	88.53
102	457	4	5.97
1669	102	3	11.26
441	107	4	9.28
3856	112	3	24.01
740	121	3	13.94
338	21	3	10.86
132	117	11	11.39
415	103	6	12.19
402	124	3	10.85
101	3658	3	14.11
103	2125	4	20.72
104	2112	3	13.55
105	1127	6	29.12
157	234	3	11.15
108	217	6	8.15
108	290	4	6.22
432	102	11	36.02
102	151	25	25.16
195	104	10	8.53
129	118	12	14.85
101	886	12	49.74
120	227	4	7.99
107	508	3	6.28
12	229	30	84.71
278	166	3	13.49
917	14	5	8.97
809	112	3	11.58
105	360	13	45.31
123	851	5	31.69
1282	14	5	13.24
299	14	12	11.3
482	107	3	6.13
1430	102	4	15.82
385	102	7	14.44
222	14	26	34.91
576	121	5	26.16
101	3320	3	14.11
119	196	6	13.09
109	820	18	145.2
108	413	3	5.77
1987	14	4	12.35
128	762	3	16.13
146	21	4	4.05
101	2506	6	37.04
110	619	4	14.62
101	2610	3	10.48
380	106	6	12.94
2476	12	3	12.84
110	2399	6	55.22
148	104	22	18.67
203	118	6	13.63
103	1962	8	60.29
355	102	27	125.87
101	1088	5	12.71
223	135	3	7.31
120	111	19	12.19
541	114	4	14.89
349	129	3	10.59
122	139	8	9.81
103	3490	3	18.15
207	117	24	114.26
637	106	4	10.49
116	562	3	10.52
111	262	7	19.41
104	2105	4	21.15
103	2208	4	20.72
101	3577	3	14.11
178	117	23	95.49
104	1926	3	12.57
110	1747	5	33.72
128	974	3	17.78
1319	110	3	14.29
816	127	3	16.33
101	1728	9	55.57
154	381	3	15.29
519	102	18	89.89
649	101	4	4.42
183	102	10	5.85
118	120	35	80.78
210	136	3	6.82
956	107	5	22.6
118	231	3	4.71
303	133	4	15.76
104	1596	9	62.36
267	125	4	12.89
107	1715	3	14.43
316	334	3	22.9
807	108	3	9.91
101	1335	5	15.22
550	139	8	58.13
1395	108	3	14.01
406	108	4	9.58
103	533	7	20.3
136	171	3	4.42
406	161	3	16.31
105	2333	3	15.76
127	177	3	4
532	105	4	8.89
255	226	3	17.23
551	14	8	13.24
101	396	35	163.93
117	323	18	107.75
3778	104	3	18.48
147	120	9	13.76
4280	4160	3	71.09
814	104	3	6.51
220	127	3	6.16
117	149	6	4.55
101	4934	3	18.52
1287	107	3	12.47
325	524	3	27.08
104	453	8	23.38
116	662	3	11.61
109	1483	3	14.97
116	603	4	16.9
439	111	3	7.52
491	118	4	16.92
578	110	3	8.84
143	226	6	24.95
107	691	5	18.83
268	143	4	16.29
104	2862	3	16.29
101	322	9	8.93
101	1523	3	6.96
378	117	51	519.03
659	135	4	24.35
205	158	7	33.05
118	534	3	11.49
297	101	11	12.29
307	114	3	5.21
101	1574	4	11.79
101	1370	5	16.27
113	345	4	10.04
109	295	4	6.66
1435	14	3	5.27
109	103	129	133.82
104	1174	4	14.27
177	115	6	7.55
4973	14	3	17.23
128	170	9	26.6
9	164	4	6.71
657	110	3	9.7
101	4962	3	18.52
152	170	4	10.41
755	109	4	15.58
250	102	12	22.81
3561	109	3	22.56
101	407	10	17.34
137	101	129	281.4
239	107	5	5.94
127	265	10	50.98
127	136	5	3.88
109	1106	4	18.89
101	2640	3	10.48
101	2852	3	11.98
3834	14	3	12.85
599	14	13	37.77
326	1330	3	33.48
868	12	3	5.38
16	824	3	16.75
516	14	5	3.91
57	906	3	19.09
1679	14	3	6.48
105	1777	4	19.78
101	1118	5	12.71
103	582	5	12.13
3987	248	3	44.71
103	380	10	27.19
260	113	3	4.05
1506	102	3	10.55
132	399	4	18.72
110	1862	5	35.48
103	2375	3	14.43
150	2161	3	27.28
102	230	11	15.18
2896	14	3	10.74
555	106	4	9.4
334	110	5	12.55
2253	105	3	14.56
1674	912	4	61.05
115	117	29	34.07
202	105	14	24.21
134	230	3	7.64
185	139	10	41.65
101	1071	7	23.24
131	361	3	11.19
2262	109	3	17.56
104	658	9	36.85
122	289	4	12.71
1403	102	3	9.92
105	204	59	277.73
815	102	6	20.46
473	144	3	15.51
202	549	4	31.91
496	115	3	9.12
1886	14	3	7.23
624	121	5	26.93
101	741	14	56.5
106	896	3	8.02
126	217	3	5.98
161	333	7	45.98
12	1337	3	8.03
935	14	6	12.95
101	1936	4	13.98
209	108	16	46.62
145	572	5	33.66
1600	127	3	21.25
4408	102	3	22.43
193	409	3	19.36
105	1474	3	12.01
848	102	5	15.61
101	3305	4	24.69
103	2564	3	14.43
165	118	5	5.58
133	192	3	5.62
445	114	4	12.88
121	298	6	22.65
143	140	12	35.68
243	14	20	25.87
1991	105	3	13.57
270	189	4	23.12
104	342	7	12.84
110	327	10	37.98
123	131	8	8.34
150	1600	4	35.67
2138	119	3	21.58
105	642	13	68.35
117	348	3	7.47
277	299	7	61.43
469	3633	4	67.13
104	1110	3	8.45
105	2042	4	22.51
1637	1067	5	81.91
891	14	4	5.17
231	191	4	20.75
101	1573	6	23.96
130	104	43	52.12
110	3703	3	23.12
137	1249	3	20.89
113	403	3	7.22
101	1362	7	27.38
499	113	3	8.91
124	352	3	9.62
113	111	22	7.51
113	236	4	6.21
608	101	8	17.76
119	1053	5	32.08
1171	14	5	11.52
210	180	3	12.01
391	137	4	19.23
169	117	6	7.93
795	153	5	39.72
110	527	7	31.3
110	443	6	22.08
1	62	3	14.05
462	115	3	8.64
101	498	6	7.97
191	16	3	4.84
523	101	9	19.69
12	717	16	81.82
12	649	7	19.81
102	2070	5	29.11
101	2343	5	25.55
7	154	3	4.84
101	2275	3	9.33
202	106	7	4.83
1292	12	3	8.03
2817	14	3	10.74
1085	112	5	28.57
8	1125	3	20.2
577	14	8	14.24
292	103	5	4.49
103	1865	5	27.23
102	292	5	4.29
195	134	4	9.83
115	286	5	12.84
101	1614	6	23.96
544	14	9	16.92
115	126	14	11.53
112	2809	3	21.79
103	2234	3	13.23
1258	102	5	20.45
540	104	3	4.46
57	210	4	11.67
104	1825	5	27.77
787	14	6	11.09
112	153	9	9.97
189	12	22	33.06
1635	1630	8	161.32
281	157	3	12.99
138	153	6	13.1
1746	14	4	11.2
1143	12	4	11.82
156	242	6	31.14
455	14	7	7.52
101	802	9	28
229	143	7	31.97
110	2629	3	19.34
104	2134	3	13.55
238	120	4	9.15
101	2532	4	17.24
923	102	6	22.53
216	107	30	120.34
104	2241	4	21.15
511	104	3	4.01
103	1901	3	12.25
229	101	15	13.47
101	767	13	51.34
107	199	6	4.88
216	148	4	13.72
101	4530	3	18.52
110	736	9	52.33
101	2615	4	17.24
122	373	4	15.32
2364	187	3	32.71
170	283	5	28.83
101	3267	4	24.69
359	14	15	25.87
428	117	5	20.45
57	164	9	29.69
1553	108	3	14.66
233	159	5	23.64
1944	102	3	12.09
103	680	4	9.14
115	435	3	8.07
145	169	8	27.88
103	877	4	11.28
104	5228	3	22.93
115	267	3	4.46
235	113	5	9.53
195	120	7	17.26
112	405	3	7.06
478	14	7	8.12
603	105	6	19.66
12	3806	3	16.53
108	159	14	20.42
369	108	3	4.92
225	103	10	11.92
104	764	5	15.4
122	130	8	8
101	2240	4	15.41
101	2188	3	9.33
1702	14	3	6.48
486	355	3	27.24
142	267	7	35.84
116	2704	4	34.54
249	107	5	6.51
120	101	52	4.22
107	374	5	11.42
349	140	6	32.03
1	58	5	31.61
365	127	3	10.63
169	272	3	13.61
2	224	4	11.21
1063	14	4	6.86
127	180	3	4.17
103	1303	6	28.86
102	635	4	8.64
565	106	3	5.49
608	143	3	16.95
329	275	4	31.22
130	393	4	18.35
113	318	3	5.49
162	139	4	6.73
136	186	3	5.73
190	168	3	9.57
150	538	4	25.11
560	101	5	6.17
1090	104	6	26.08
421	102	4	5.32
1617	107	3	13.69
128	152	4	4.24
140	118	9	10.21
109	151	10	7.81
109	250	6	11.85
102	1101	4	13.04
1528	12	3	9.18
549	790	8	110.57
101	1408	3	6.38
143	223	3	8.42
131	692	5	32.46
105	596	8	31.17
370	149	5	28.39
1381	102	6	29.95
315	109	5	11.14
116	805	4	19.32
103	3682	4	30.14
751	106	3	7.18
1406	126	4	30.03
102	648	8	28.59
153	234	3	10.86
101	1148	4	8.88
878	14	5	8.45
103	549	3	4.2
101	1200	6	19.75
104	1460	3	10.4
110	1171	8	54.63
147	104	14	4.34
111	652	4	15.81
344	102	8	15.44
759	138	3	17.56
723	101	4	5.22
102	1997	4	19.01
784	106	3	7.44
127	108	16	8.95
127	161	4	5.04
101	516	20	80.47
107	759	4	13.93
133	297	3	9.99
330	531	3	27.17
105	728	9	41.66
2465	102	3	14.26
104	385	14	50.62
150	303	8	49.06
205	174	8	44.52
109	326	3	4.24
158	146	9	31.1
140	109	10	4.15
1222	14	4	7.98
114	14	119	26.27
102	905	3	6.93
144	139	5	7.21
481	594	3	31.55
484	106	3	4.71
632	117	8	48.48
105	1487	3	12.01
2433	14	3	9.27
199	112	5	6.01
103	600	4	8.29
125	231	17	94.06
261	127	8	36.91
102	460	4	6.15
114	598	6	28.7
112	114	30	22.05
101	772	7	17.1
229	127	4	10.87
101	848	6	13.92
101	696	5	8.08
408	104	7	16.3
121	774	3	14.21
12	469	4	4.64
138	282	11	66.28
101	2626	4	17.24
558	14	6	7.24
104	691	3	5.78
101	2233	4	15.41
917	112	3	12.53
111	322	5	13.29
117	697	3	12.56
1088	1168	3	41.53
101	1028	9	34.29
12	178	36	77.19
305	188	3	16.57
12	220	13	14.82
287	243	3	19.51
101	1712	5	18.88
180	129	5	11.78
103	922	3	7.08
107	1163	3	11.47
2396	155	3	29.41
2303	1139	6	114.74
110	1679	3	16.27
102	103	184	92.02
772	14	4	4.21
161	2874	3	31.49
199	453	3	20.63
241	169	5	26.09
151	113	7	4.71
160	220	5	22.35
1230	113	4	22.35
314	120	3	7.49
364	552	5	52.68
1305	102	4	15.02
101	2322	6	37.04
104	674	4	9.52
1169	103	3	8.57
134	103	46	63.24
1861	14	3	7.23
142	170	3	4.94
1886	115	3	18.41
101	681	9	24.39
148	134	11	31.52
126	159	5	7.71
1524	119	9	86.85
170	206	7	35.7
380	135	3	12.24
123	760	5	30.62
131	101	35	4.74
198	114	9	20.01
117	1056	3	15.1
104	879	6	22.75
110	830	4	17.11
110	650	7	34.51
2972	102	4	24.95
373	104	4	4.5
119	294	6	21.64
291	142	9	53.2
1705	105	3	12.73
245	103	7	7.09
209	124	4	8.55
154	159	4	9.57
101	1900	4	13.98
103	818	5	15.37
104	1234	12	84.76
110	1421	5	30.97
109	230	4	3.93
2335	117	3	22.1
113	434	3	7.86
1083	111	3	13.51
1513	102	4	16.74
101	1558	6	23.96
106	571	4	9.66
103	1589	3	10.71
165	109	7	4.66
101	291	25	65.8
298	110	5	11.17
104	288	6	7.36
2179	105	3	14.56
123	400	6	29.6
1241	14	4	7.98
182	108	7	7.1
462	112	3	8.26
147	213	3	8.46
117	175	11	28.98
579	113	3	9.83
101	543	5	5.9
103	1154	7	33.67
101	366	11	17.34
274	260	4	28.55
476	144	4	23.05
138	1035	5	38.51
101	1237	5	14.29
101	1304	3	5.86
1360	102	6	28.52
124	118	13	13.94
173	104	20	29.58
835	102	5	15.61
1765	102	9	67.3
537	107	4	10.95
109	479	6	22.3
200	110	5	5.09
333	355	12	132.43
183	21	9	32.85
312	562	4	38.76
221	186	3	13.12
1190	217	3	28.3
412	101	13	29.15
3261	1637	4	80.12
286	109	4	6.57
110	1588	5	32.25
194	21	4	9.45
333	14	8	4.73
104	1298	3	9.84
527	121	8	48.41
609	207	7	66.27
226	119	3	4.43
165	104	17	16.18
101	179	29	32.74
103	1524	3	10.71
143	152	10	32.95
3877	102	4	29.91
191	111	10	22.04
101	480	22	90.9
523	114	4	14.64
367	127	20	152.41
8	1619	4	33.92
127	260	3	8.02
2	203	8	29.74
182	166	4	13.61
670	112	4	16.37
1	9	8	33.79
325	110	5	12.25
303	108	7	18.49
3487	112	3	24.01
150	567	3	17.43
1668	102	4	17.78
102	605	3	4.57
138	1792	3	23.56
537	102	4	7.14
227	152	3	9.84
102	740	4	9.57
108	136	11	4.39
525	109	4	12.56
514	111	4	13.88
102	159	30	47.25
161	574	4	27.78
115	157	7	6.47
472	14	6	5.52
115	112	18	4.04
12	198	15	15.07
101	1044	5	12.02
142	112	12	12.69
120	130	9	8.19
223	103	7	4.66
160	120	9	17.79
492	109	4	11.86
188	248	5	29.88
101	2257	4	15.41
225	133	5	16.7
116	380	5	17.55
198	127	3	4.99
2216	102	4	20.49
219	101	22	30.05
288	114	4	8.43
110	715	3	9.94
331	124	5	20.34
764	14	4	4.21
624	108	3	8.44
104	2212	7	53.52
103	1930	3	12.25
1723	155	3	26.28
126	103	41	35.9
161	153	9	35.32
493	202	5	41.32
1180	12	3	7.1
3695	14	3	12.85
104	3434	3	18.48
103	831	4	10.87
2592	14	3	9.27
154	103	20	17.81
687	2013	6	101.12
148	1457	4	34.44
199	256	3	15.69
1313	102	3	9.37
132	129	8	11.27
163	172	3	7.69
104	1635	3	11.74
1441	111	4	23.45
28	50	4	69.52
189	129	6	17.24
962	101	6	16
1421	14	4	9.37
576	108	4	12.93
57	281	3	10.43
140	666	3	16.92
163	137	4	6.85
1150	137	3	20.39
110	599	14	90.37
2159	112	3	19
105	226	17	42.35
131	153	4	5.15
830	14	8	20.44
511	118	5	23.74
101	837	8	23.59
1903	102	4	19.01
101	785	19	104.31
175	133	4	8.04
101	701	4	4.94
2154	102	3	13.06
295	102	5	4.29
192	158	4	13.86
107	316	5	9.27
103	1762	5	25.5
249	125	3	7.5
185	101	17	8.73
120	225	4	7.93
3373	102	3	17.98
12	120	41	7.83
104	702	5	14.5
122	317	3	8.56
110	1006	4	18.52
101	2306	4	17.24
122	143	5	3.87
1112	106	4	15.01
2939	112	3	21.79
504	544	7	86.33
57	481	3	14.93
206	130	3	5.76
116	1302	3	16.28
104	2110	4	21.15
2790	14	3	10.74
1293	408	3	35.55
180	267	3	14.92
572	111	4	14.92
180	138	4	9.2
145	114	9	7.3
215	101	19	19.31
235	127	20	122.99
129	120	10	10
2457	102	4	22.37
777	107	3	8.72
21	2	8	12
101	4166	3	18.52
488	101	5	4.96
179	422	3	18.85
136	14	39	5.48
101	1213	3	5.41
1007	14	6	13.68
804	148	3	19.47
1310	110	3	14.29
103	1170	3	8.57
105	944	3	8.31
105	987	3	8.65
3819	102	3	17.98
837	779	7	101.38
104	201	20	41.16
344	107	4	6.56
264	263	7	58.06
105	733	13	72.79
9	135	6	7.69
506	12	4	5.18
113	1206	3	14.8
133	108	16	12.23
2219	14	3	8.14
889	14	5	8.45
773	112	6	31.49
101	1602	3	6.96
612	12	6	14.63
101	1542	4	11.79
130	196	5	13.63
236	189	3	14.3
168	290	3	14.2
477	199	3	20.97
104	1293	3	9.84
3698	102	3	17.98
158	209	3	9.64
532	103	3	4.05
106	128	28	20.15
101	458	8	13.08
147	118	7	7.77
123	473	4	18.41
117	151	7	7.36
574	107	3	7.15
785	4225	3	53.86
2	116	21	38.35
104	152	13	4.62
169	140	6	15.9
539	107	6	21.67
102	630	3	4.75
144	452	3	15.18
934	14	5	8.97
103	531	10	36.64
586	12	4	6.23
530	115	3	9.47
114	186	5	5.63
681	1316	3	39.25
168	166	3	7.27
116	3356	4	39.53
205	236	7	47.02
1776	107	4	22.07
101	3780	3	14.11
101	3832	3	14.11
8	3181	3	30.19
127	367	8	44.22
240	606	5	47.73
589	106	3	5.86
1086	14	4	6.86
234	128	16	90.79
126	635	5	30.21
146	134	7	13.78
123	727	6	38.62
111	59	4	10.84
175	149	3	6.44
103	1964	3	12.25
2761	4269	3	64.36
107	138	21	21.93
292	1268	3	32.66
990	102	5	17.37
112	101	192	194.15
161	282	13	97.12
222	12	13	15.15
103	2461	3	14.43
869	12	3	5.38
233	103	13	23.64
101	3459	3	14.11
12	3667	3	16.53
115	129	19	26.55
1334	102	3	9.37
101	1846	4	13.98
995	133	4	27.42
133	1709	3	22.99
101	1726	4	12.8
101	1010	5	11.39
120	113	48	104.28
104	2433	3	14.75
101	907	12	51.74
101	966	4	7.36
12	307	7	7.61
112	1111	3	13.69
166	125	9	24.06
12	107	109	26.8
753	14	5	7.12
116	484	3	9.63
7	12	24	15.27
101	4346	3	18.52
423	119	3	9.92
404	117	3	8.75
528	108	5	17.42
1202	1496	10	198.84
107	370	4	7.42
120	153	8	12.95
101	858	5	9.78
1418	105	3	11.38
104	2590	3	14.75
101	1069	14	79.19
117	738	3	12.82
271	114	6	15.91
101	2128	6	31.39
110	1104	7	43.86
122	127	21	50.46
1647	104	3	11.74
451	109	4	11.23
207	199	3	12.55
139	125	6	6.08
105	1223	3	10.3
178	129	21	106.7
206	158	3	9.25
1411	109	4	21.78
150	2163	4	39.56
334	112	5	13.87
101	1627	5	18.88
844	14	5	7.98
388	119	3	9.16
112	257	3	3.9
935	12	3	5.67
2495	117	3	22.1
189	112	6	8.2
113	1004	4	19.91
1206	114	3	14.83
319	113	10	41.08
211	194	3	12.9
790	832	3	36.96
257	395	4	32.81
188	530	4	30.67
131	114	10	5.35
101	2595	3	10.48
181	194	8	45.26
192	130	4	9.08
85	115	3	4.12
103	2116	3	13.23
104	556	8	27.35
1468	12	3	8.57
3166	202	4	55.7
657	112	4	16.37
110	338	18	93.32
159	249	19	149.3
636	106	3	6.25
147	527	5	33.34
564	126	3	14
370	103	5	6.95
137	416	3	13.35
113	1109	4	21.03
595	102	3	4.57
102	1751	3	11.26
997	109	7	40.28
121	156	7	10.72
168	146	12	51.97
362	107	3	3.87
114	201	10	24.72
104	1248	3	9.33
57	653	3	17
1213	105	3	10.3
1224	14	4	7.98
128	168	6	13
164	315	4	21.64
103	2887	3	15.97
1679	12	3	9.88
101	1120	5	12.71
103	528	12	49.04
113	239	6	13.78
124	104	30	12.76
102	787	3	6.07
101	409	8	10.73
110	2823	3	20.91
101	352	23	68.33
103	1347	5	21.7
1357	109	3	13.74
155	152	4	8.68
4221	13	3	43.9
12	652	6	15.08
3544	106	3	19.54
557	115	3	9.85
1315	105	3	10.81
122	729	3	14.68
169	128	4	5.99
101	4809	3	18.52
3722	134	3	30.1
105	1013	9	50.26
102	217	14	22.56
129	313	4	15.36
104	3164	4	25.62
2057	108	3	17.24
544	12	4	5.78
108	151	16	22.21
157	135	4	6
735	120	3	13.61
368	120	5	19.43
422	102	4	5.32
838	138	4	26.72
694	107	4	13.22
104	2077	6	40.18
1015	669	6	85.14
110	1089	3	12.83
110	954	10	67.48
369	149	3	13.92
8	1195	3	20.7
12	213	11	8.52
12	261	10	13.14
142	173	5	13.36
331	108	6	15.5
1143	14	3	3.97
107	186	10	14.4
1064	14	4	6.86
16	3965	3	29.04
142	372	7	42.43
309	104	5	5.4
116	312	5	14.87
233	151	3	10.19
132	141	5	5.21
597	183	3	21.63
428	129	5	25.98
576	136	3	15.66
151	478	9	70.8
222	252	9	71.37
109	605	7	32.07
787	12	3	4.85
189	14	39	58.36
125	324	4	14.91
115	422	5	18.14
103	847	3	6.49
101	1873	5	20.56
277	242	3	19.19
104	1263	4	14.93
1213	106	3	10.33
1435	110	3	14.87
109	159	17	31.77
891	12	3	5.38
307	127	4	14.62
724	104	3	6.01
2362	102	4	22.37
114	188	5	5.63
8	731	8	62.94
330	395	3	24.78
1204	102	3	8.87
103	1608	3	10.71
186	282	3	15.99
160	2191	3	28.64
2111	102	4	20.49
121	101	109	100.07
12	902	3	5.67
243	12	9	8.67
657	14	5	6.03
9	106	42	67.29
1703	14	3	6.48
350	302	3	22.86
104	344	6	9.42
109	1423	3	14.32
105	720	10	48.91
111	1044	3	13.09
117	346	8	35.15
326	402	3	24.82
104	242	38	165.51
101	4822	3	18.52
117	103	41	12.51
12	2443	3	12.84
117	244	10	38.9
330	248	3	20.76
653	104	5	14.09
127	133	10	17.16
1324	102	9	53.95
136	129	5	4.32
103	517	6	15.18
162	127	10	28.33
101	1105	9	35.94
103	383	6	10.79
104	3809	3	18.48
895	102	5	16.16
481	104	3	3.87
3579	166	3	34.12
158	546	3	18.42
347	105	5	7.85
427	228	3	21.84
190	301	4	24.39
246	124	3	6.99
113	153	12	19.25
118	125	48	169.02
1259	102	3	8.87
16	609	11	85.69
105	1063	6	28.09
922	102	6	22.53
104	142	22	14.15
119	1864	3	20.56
197	113	13	37.44
1082	107	3	11.04
127	182	6	15.45
532	108	3	7.48
283	130	12	70.92
1747	14	3	6.48
101	563	24	118.76
926	12	3	5.67
107	838	4	14.72
143	171	3	5.3
165	134	9	27.94
1113	106	5	21.28
101	259	18	29.26
106	358	4	5.1
860	142	4	28.08
152	206	3	8.57
172	101	52	100.48
315	107	4	5.93
3340	489	3	46.11
103	3748	3	18.15
102	2310	4	22.37
102	2158	4	20.49
1106	102	3	8
140	120	7	5.68
104	1158	6	27.11
571	139	4	23.54
1528	14	3	5.83
144	143	10	28.97
211	279	4	25.19
101	3205	3	14.11
119	262	3	6.18
151	585	10	86.28
359	12	5	4.39
101	5377	3	18.52
159	1949	3	27.51
105	1514	3	12.01
272	104	10	19.05
112	156	16	33.29
102	591	4	8.1
385	107	3	4.52
102	381	6	10.5
2477	102	3	14.26
107	272	8	18.39
1179	111	5	29.09
12	550	7	17.29
102	1149	3	8.41
104	1078	5	19.57
131	139	8	13.6
110	939	5	25
104	822	4	11.27
207	223	3	13.96
135	108	13	7.21
880	105	3	7.99
111	196	8	15.13
110	2207	3	18.12
101	1023	3	4.29
104	2544	3	14.75
1438	102	5	22.52
142	140	4	4.23
12	296	12	22.71
12	165	16	7.42
192	541	6	52.27
101	1845	4	13.98
1334	109	3	13.74
103	978	5	17.64
129	104	23	8.04
195	118	11	35.99
334	141	5	24.38
4963	102	3	22.43
2036	173	3	30.15
276	14	11	7.35
1319	14	3	4.79
497	103	5	10.64
157	175	3	7.56
302	544	8	88.74
101	770	10	32.55
148	118	11	20.24
12	543	5	9.16
107	152	20	31.27
101	2568	3	10.48
104	1099	9	48.89
3054	166	4	46.5
109	1979	3	16.56
110	817	3	10.74
558	12	12	44.62
57	217	3	7.65
199	110	9	17.28
108	362	9	32.22
154	151	4	8.33
493	222	3	22.78
2678	101	3	11.98
101	1710	5	18.88
700	102	3	5.36
103	924	11	59.17
161	552	4	27.22
285	21	3	9.66
313	161	3	14.02
383	115	3	7.09
2906	14	4	18.09
105	1130	5	22.04
157	105	11	5.16
278	108	4	5.88
116	468	3	9.31
423	103	4	5.5
1075	14	4	6.86
101	951	5	10.81
12	176	23	29.54
166	109	9	9.01
101	2745	5	30.87
333	1223	3	33.13
2886	109	3	20.35
104	138	19	6.68
2	241	6	23.9
149	329	4	19.47
2779	117	4	35.52
112	1806	3	17.14
605	14	7	11.17
274	103	6	6.16
179	475	12	116.32
101	1150	5	13.46
162	143	7	20.47
101	1285	3	5.86
113	331	11	48.49
113	271	5	11.55
110	1253	3	13.76
103	2788	3	15.97
104	1145	3	8.87
103	3111	3	15.97
101	3696	3	14.11
158	144	3	4.29
114	12	60	9.92
773	14	6	10.55
387	105	5	9.47
983	12	3	5.99
130	193	4	9.12
101	1541	3	6.96
103	244	7	7.09
12	1055	15	97.46
186	153	16	96.38
143	170	4	8.78
101	264	44	160.73
101	193	35	60.15
348	14	9	7.35
133	103	57	95.95
1065	453	4	49.52
104	587	20	117.46
491	104	6	15.08
593	421	3	30.42
133	144	14	43.02
133	258	10	53.5
846	111	3	11.7
143	256	3	10.28
8	2016	5	49.46
104	370	5	7.38
270	143	5	22.69
713	110	5	21.83
298	112	36	244.93
123	320	3	8.84
692	108	4	14.46
101	3681	3	14.11
818	105	4	12.14
277	286	3	20.78
101	3801	3	14.11
103	2956	3	15.97
947	112	3	12.53
102	2140	4	20.49
101	1440	3	6.38
130	220	3	6.72
168	197	3	9.86
286	102	5	4.2
1277	102	5	21.42
144	127	9	17.82
214	113	5	7.34
190	335	4	25.51
113	225	15	55.37
114	466	4	13.48
316	113	14	67.08
2714	215	3	35.77
137	114	9	5
156	879	3	21.24
351	129	4	16.5
105	589	12	58.26
208	850	3	25.17
123	1014	3	17.1
3825	102	3	17.98
369	133	3	11.79
216	363	6	47.5
1013	14	5	10.13
138	525	3	15.24
101	977	6	16
101	874	13	57.13
101	934	4	6.93
262	110	5	9.8
138	1294	4	31.42
323	290	4	31.73
103	1076	8	39.89
101	1643	5	18.88
1176	109	4	19.52
118	769	3	13.77
103	2237	3	13.23
16	2	28	98.68
1265	118	3	17.15
232	104	8	8.33
111	1322	3	14.97
163	227	3	10.96
632	129	3	15.15
119	104	91	148.99
184	179	3	10.57
879	14	5	8.45
261	139	7	33.97
229	139	8	36.36
1238	117	4	24.58
120	522	3	11.61
1459	102	4	15.82
436	3030	4	61.26
238	109	4	4.65
131	239	5	18.03
101	4434	3	18.52
101	2579	4	17.24
131	223	3	6.86
117	925	3	14.35
104	1062	5	19.57
104	851	10	49.18
12	566	25	148.13
12	394	8	15.44
107	227	5	4.66
138	319	5	23.57
2714	4335	3	64.36
104	2347	4	23.03
101	805	8	22.7
109	3357	4	36.05
310	111	3	4.95
101	602	4	3.97
272	260	5	37.76
493	142	4	23.09
145	388	3	13.88
668	12	3	3.98
1247	14	3	4.35
101	3158	3	11.98
119	217	5	11.26
16	7	33	159.54
178	139	11	45.61
57	461	4	21.81
151	228	3	9.77
102	291	5	4.29
1548	102	5	23.76
180	236	3	13.69
103	1026	4	12.71
1243	104	3	9.33
111	2923	3	21.61
107	434	3	5.31
1379	1205	3	44.15
104	2452	3	14.75
110	4394	3	27.6
106	705	3	6.69
111	230	10	28.82
3611	12	3	16.53
104	595	4	8.67
122	117	11	6.8
12	714	4	7.56
169	114	21	63.8
379	104	5	7.54
3980	248	3	44.71
101	4823	3	18.52
147	194	4	12.14
105	1019	8	42.05
109	350	4	8.26
444	209	3	20.98
303	125	3	9.02
766	110	3	10.46
406	213	6	49.67
618	105	4	10.16
101	1106	4	8.32
103	59	4	4.53
113	237	4	6.27
12	1995	3	10.69
179	402	5	35.81
130	103	47	59.6
101	1510	5	17.47
103	193	34	97.22
130	244	10	50.74
133	1405	9	92.92
1855	14	3	7.23
745	14	6	10.05
104	1262	5	21.26
265	1983	3	34.7
177	127	5	10.87
128	113	11	5.75
187	125	5	11.65
1576	104	3	11.03
279	120	3	6.67
105	765	8	35.61
101	295	21	47.52
304	143	4	17.64
903	106	3	8.34
279	134	3	9.7
117	511	4	16.26
122	1094	8	65.55
439	14	14	30.94
810	111	3	11.4
127	430	7	40.43
804	381	3	31.3
133	125	8	10.38
234	282	3	18.86
322	102	5	5.25
673	104	7	24.67
110	3865	3	23.12
1121	647	3	37.95
1011	142	3	20.29
695	108	3	9.12
140	121	8	8.59
101	3718	3	14.11
116	1871	3	19.13
118	177	8	18.62
200	271	3	16.16
104	1412	6	30.94
102	636	3	4.94
691	111	3	10.59
145	673	7	54.77
103	425	4	5.5
190	169	4	14.98
101	1152	3	5
113	206	21	82.57
127	120	13	16.77
239	144	11	63.82
551	111	3	9.09
101	564	10	25.42
101	2803	3	11.98
308	103	5	4.9
101	1024	9	34.29
101	972	3	3.98
847	115	5	25.95
1216	14	3	4.35
134	262	3	9.28
1912	1002	4	62.84
269	110	4	6.41
1691	102	3	11.26
271	140	3	9.92
404	127	3	11.56
291	421	4	35.2
368	133	3	11.68
101	3521	3	14.11
603	102	3	4.57
1724	102	3	11.26
125	410	3	11.46
129	105	24	13.99
124	833	10	81.33
873	108	6	30.04
1983	108	4	24.62
129	166	11	35.68
1001	110	3	12.04
154	196	4	13.68
116	3668	3	25.16
2224	14	4	13.77
114	625	5	22.35
222	111	5	7.67
740	102	6	19.28
101	3384	4	24.69
591	2729	4	64.51
1456	102	5	22.52
101	2494	3	10.48
558	127	5	28.86
101	648	6	10.82
3107	14	3	10.74
876	14	6	12.29
525	144	3	16.23
108	118	83	212.53
252	249	8	65.98
1914	14	5	18.49
107	1339	4	19.24
129	175	5	11.13
306	14	17	27.14
235	117	12	48.88
101	890	6	14.56
101	950	9	31.45
120	223	3	4.44
101	1025	4	7.82
126	458	3	12.58
12	175	13	6.42
349	143	3	12.55
12	122	442	2206.67
686	12	4	7.56
341	14	10	9.46
1257	14	4	7.98
156	386	4	22.98
110	996	6	33.36
122	319	3	8.65
122	152	7	11.28
350	882	4	43.97
2750	1651	5	101.01
404	101	8	10.43
111	151	8	6.1
116	291	6	18.94
104	1100	3	8.45
350	839	6	71.07
101	2491	4	17.24
216	195	4	19.81
123	658	3	14.27
2180	104	3	13.55
282	110	3	3.86
101	847	5	9.78
154	1473	3	25.5
149	955	4	29.86
138	186	7	24.5
792	12	3	4.85
192	14	34	44.54
317	110	5	11.96
1093	139	3	20.05
236	840	3	27.19
1268	202	4	40.44
102	513	7	19.49
112	117	17	6.74
57	123	43	189.53
101	5359	3	18.52
109	835	4	16.39
1643	102	3	11.26
199	111	5	5.79
105	1384	9	61.57
108	363	7	21.54
251	107	13	39.58
161	673	3	19.94
146	3386	4	48.42
113	374	9	39.25
231	103	10	12.87
177	143	4	10
1689	105	4	19.78
863	12	12	59.32
177	1	3	12.28
140	159	4	6.69
242	12	8	6.39
194	124	3	4.27
370	21	5	24.58
621	14	5	5.41
110	306	21	110.32
101	5052	3	18.52
293	125	3	8.78
394	135	17	135.48
1025	102	3	7.61
1168	102	4	13.64
255	101	23	48.04
1946	102	3	12.09
105	2320	3	15.76
101	383	27	101.4
103	1315	3	9.53
101	517	10	23.4
2	12	93	186.24
237	106	13	29.98
118	103	66	68.19
358	139	3	11.9
150	558	3	17.43
633	202	6	55.59
104	1399	5	23.33
101	4100	3	18.52
267	159	4	19.09
756	14	5	7.12
3090	102	3	15.8
101	1286	4	10.16
113	270	8	25.51
800	111	5	24.41
164	330	4	22.02
110	1336	6	38.7
1028	172	4	34.87
929	102	3	6.93
575	104	4	8.42
105	1654	9	71.93
113	283	3	4.7
386	119	5	20.24
1253	106	3	10.33
173	103	36	87.88
191	12	11	5.79
103	1332	4	15.24
1310	143	3	22.44
127	207	16	78.38
367	117	8	36.34
1413	14	4	9.37
197	199	3	12.24
2	216	7	25.97
169	158	8	32.75
325	101	7	4.49
254	114	5	10.85
117	125	9	4.95
116	848	4	19.74
1111	102	4	13.04
152	225	7	34.41
1095	102	10	55.93
102	1826	3	12.09
121	126	9	7.32
121	171	7	13.9
103	259	8	10.7
720	14	5	6.74
1369	202	5	54.52
114	257	5	11.06
114	143	14	19.64
176	1150	4	36.66
104	1189	3	8.87
140	149	8	19.66
118	512	5	23.74
101	1899	5	20.56
266	161	3	12.67
2329	14	4	15.57
7	1346	7	70.24
109	614	4	13.91
101	3290	4	24.69
238	108	4	4.34
253	131	3	8.53
159	847	3	21.23
107	111	30	5.54
101	722	7	16.44
475	102	8	23.03
134	104	34	33.73
101	978	4	7.36
101	875	4	6.54
160	175	5	17.73
271	14	15	16.24
1004	108	3	11.2
101	4178	3	18.52
241	168	11	75.32
356	112	3	6.01
108	196	7	8.76
57	440	3	14.12
57	592	5	32.58
1604	107	3	13.69
195	151	3	7.96
102	104	314	421.3
129	339	3	10.4
103	1023	4	12.71
103	1075	6	25.44
115	298	3	5.16
109	1304	4	20.95
101	2840	4	19.78
110	514	5	18.5
147	209	3	8.3
117	118	15	11.27
182	104	9	4.79
220	141	3	7.7
191	110	5	4.55
103	1166	3	8.57
101	427	9	15
105	2226	5	31.65
113	288	3	4.83
190	131	13	58.45
1892	14	4	12.35
104	1553	3	11.03
1070	3204	3	51.58
2996	1235	3	50.31
141	229	5	18.4
965	104	4	12.6
128	174	7	18.69
118	457	4	16.25
103	249	6	4.96
343	115	8	31.13
431	103	4	5.65
144	117	14	26.37
1130	14	5	11.52
817	12	6	17.74
106	507	3	4.85
445	170	3	17.99
203	833	3	24.92
121	117	14	10.64
12	1090	6	22.31
264	366	3	22.16
110	146	23	47.05
187	109	6	5.95
104	478	9	29.52
156	2406	3	29.45
138	267	6	27.51
680	218	3	24.57
192	206	5	25.52
382	104	6	11.34
355	135	4	17.7
104	2211	6	40.18
475	109	4	11.64
101	789	10	33.7
229	129	14	74.37
175	120	7	14.46
1567	14	6	21.48
104	943	4	12.13
1917	121	3	21.01
627	14	5	5.41
122	417	4	16.83
116	277	4	9.12
266	103	6	5.73
338	121	3	8.31
1951	12	3	10.69
2469	14	3	9.27
109	621	3	8.73
119	159	5	4.96
112	188	6	8.09
12	1289	3	8.03
102	407	4	4.88
103	754	5	14.89
261	129	4	13.5
129	133	5	3.9
377	111	4	10.54
180	127	5	11.2
3164	102	3	15.8
1298	102	4	15.02
145	129	5	5.86
103	1086	3	8.15
154	347	6	37.06
103	1010	3	7.41
139	103	25	14.92
356	14	18	37.52
110	1662	3	16.27
116	1215	3	15.74
111	103	107	114.53
1224	1699	3	45.59
188	322	4	25.06
116	529	3	10.15
103	3631	3	18.15
726	109	3	9.67
305	114	5	13.19
101	1043	5	12.02
101	940	9	31.45
104	2468	6	45.87
2199	102	3	13.06
101	2221	4	15.41
116	482	4	15.09
665	135	8	61.23
908	149	3	20.49
117	837	3	13.69
847	14	4	4.83
1292	130	3	20.63
12	232	60	271.55
101	1860	3	8.4
685	202	4	34.11
206	199	5	25.96
151	142	55	366.92
109	893	3	10.81
966	102	5	17.37
199	345	7	54.53
205	985	3	25.98
535	1282	3	37.68
233	125	3	6.74
101	2056	3	9.33
12	1243	5	18.12
189	130	3	5.18
1136	157	3	23.42
112	171	12	24.68
8	1	6	22.08
101	836	10	34.95
419	110	3	6.77
3865	14	3	12.85
229	115	7	16.82
101	700	17	76.66
138	171	5	11.93
101	4477	3	18.52
1066	101	3	4.63
324	113	3	5.57
843	104	3	6.78
216	136	5	16.45
101	2426	4	17.24
265	125	4	12.8
105	114	40	9.47
898	127	3	16.96
143	236	4	14.68
101	326	7	4.49
106	416	5	10.5
110	3109	3	20.91
1933	118	4	30.4
117	579	3	11.42
104	585	5	12.62
427	389	7	76.3
150	168	3	5.74
105	1961	4	21.02
110	1436	4	22.53
109	262	4	5.74
526	106	3	5.16
357	12	5	4.39
471	101	13	35.32
102	909	4	11.51
114	111	24	10.43
101	1543	3	6.96
608	129	4	22.3
246	109	4	5.09
101	1212	4	9.49
162	152	9	34.53
103	561	14	64.82
407	1590	3	36.83
145	613	8	63.68
103	352	11	29.13
104	3909	3	18.48
101	1287	10	51.12
141	275	4	15.68
467	103	5	9.86
118	161	5	5.1
247	14	17	18.65
1301	14	5	13.24
598	12	4	6.47
1314	105	4	16.98
117	275	7	24.54
101	2683	3	11.98
2664	28	6	104.76
127	245	3	7.59
176	179	7	34.33
105	2329	3	15.76
127	104	30	17
2226	111	6	50.9
919	14	4	5.54
103	3096	4	25.18
1999	302	3	36.76
571	129	3	14.71
103	179	32	77.72
684	113	3	10.7
143	227	6	25.05
114	1449	3	15.95
952	14	4	5.54
104	400	22	105.68
116	741	4	18.55
1684	286	3	34.61
220	128	4	10.37
12	2382	3	12.84
104	318	29	135.29
171	707	3	21.39
1117	14	5	10.79
169	139	3	4.28
1287	108	5	28.39
12	816	3	4.85
137	214	3	6.97
101	501	22	92.84
102	631	4	8.36
425	113	4	12.47
101	1338	10	51.12
103	363	12	34.74
113	141	81	364.75
301	104	10	21.7
246	118	4	9.53
391	115	3	7.2
128	567	5	29.03
218	2393	3	34.57
688	106	3	6.69
158	527	3	18.22
1854	110	3	17.12
101	1847	7	37.28
1031	106	4	14.45
115	200	8	16.97
101	1727	4	12.8
12	1507	3	9.18
2038	143	7	83.82
12	1575	3	9.18
62	604	15	173.16
109	1021	3	11.88
103	2205	3	13.23
313	125	3	9.27
291	536	5	49.34
101	3458	3	14.11
150	982	3	21.04
104	760	11	54.1
104	656	5	14.09
116	407	5	18.59
155	28	3	18.74
101	1085	4	8.32
249	103	8	9.99
120	157	5	4.91
148	547	3	17.02
12	106	149	40.39
511	108	3	7.14
107	266	4	4.41
138	170	3	4.4
680	147	3	18.31
736	14	5	6.74
181	125	3	4.01
1857	132	3	23.66
110	800	3	10.74
545	118	3	11.68
110	620	5	20.58
131	129	6	5.77
1316	102	6	28.52
110	1953	4	25.8
57	160	4	6.9
346	109	3	4.64
132	113	21	33.62
634	131	4	23.34
398	168	3	16.96
174	121	5	7.65
125	103	52	62.25
106	1639	3	12.77
1741	108	3	15.39
129	351	3	10.69
2545	105	4	24.4
101	3306	4	24.69
540	108	4	12.41
731	16	7	50.13
1208	142	9	91.1
125	258	14	79.21
109	2600	3	18.78
101	1935	4	13.98
104	3480	3	18.48
125	144	8	13.72
914	102	3	6.93
240	149	3	10.3
138	316	3	11.03
101	603	20	90.75
101	662	10	29.49
148	310	4	18.8
123	843	3	15.67
238	124	4	10.86
794	14	4	4.51
116	322	3	6.38
110	773	7	37.2
461	139	3	14.37
220	691	3	24.88
132	1266	3	20.23
1666	14	4	11.2
116	396	4	12.78
110	892	7	39.66
1619	9	3	23.2
1520	14	5	15.44
110	952	10	67.48
202	102	25	58.52
107	369	5	11.25
106	774	3	7.18
1132	101	5	13.46
101	994	5	11.39
129	149	5	6.53
112	510	3	8.73
154	425	4	23.99
388	118	6	26.48
2646	108	3	18.46
3305	2056	4	82.92
206	112	6	9.3
16	143	6	7.92
1089	106	3	9.43
136	139	7	11.63
448	389	4	39.17
101	1321	5	15.22
1450	12	3	8.57
104	1502	3	11.03
109	498	19	125.06
503	102	5	10.39
101	2713	5	30.87
169	174	7	30.75
109	1107	6	34.09
110	439	19	118.83
101	2789	3	11.98
105	911	6	25.48
474	102	20	100.93
220	269	3	17.31
101	562	17	65.14
101	486	16	52.31
106	438	3	3.94
1311	14	3	4.79
268	14	26	53.49
121	110	53	113.14
1587	12	3	9.18
361	134	6	31.62
187	118	7	16.23
379	350	3	24.8
2719	101	3	11.98
752	101	6	12.75
158	118	5	4.89
109	104	143	183.02
150	269	3	11.42
4437	14	3	17.23
115	988	3	13.3
853	14	6	11.67
